                  MONTHLY CLIMATOLOGICAL SUMMARY FOR 2023-12

Elevation: 388m
Latitude:  45.650
Longitude: 13.777

Temperature in C, Rain in MM, Wind Speed in KM/H and Pressure in HPA

      AVG                                      AVG                 DOM
DAY   TEMP   HIGH   TIME   LOW   TIME   RAIN   WIND   HIGH   TIME  DIR   BAROM HUM
----------------------------------------------------------------------------------
 20   -0.9   -0.9  00:03  -1.0  00:03    0.0    0.0    0.0  00:03  283  1021.3  87
 20   -1.1   -1.0  00:08  -1.1  00:08    0.0    0.0    0.0  00:08  283  1021.1  88
 20   -1.1   -1.1  00:11  -1.1  00:11    0.0    0.5    1.8  00:13  283  1021.1  88
 20   -1.1   -1.1  00:16  -1.1  00:16    0.0    0.0    0.0  00:17  283  1021.2  88
 20   -1.1   -1.1  00:20  -1.1  00:20    0.0    0.0    0.0  00:21  283  1021.2  88
 20   -1.2   -1.2  00:27  -1.2  00:27    0.0    1.2    1.8  00:28  283  1021.1  88
 20   -1.2   -1.2  00:31  -1.2  00:31    0.0    0.5    1.8  00:33  283  1021.1  88
 20   -1.2   -1.2  00:38  -1.2  00:38    0.0    0.3    0.0  00:38  283  1021.1  88
 20   -1.2   -1.2  00:43  -1.2  00:43    0.0    0.9    1.8  00:42  283  1021.2  89
 20   -1.2   -1.2  00:48  -1.2  00:48    0.0    0.0    0.0  00:48  283  1021.1  89
 20   -1.3   -1.3  00:53  -1.3  00:53    0.0    0.0    0.0  00:53  283  1021.2  88
 20   -1.4   -1.3  00:56  -1.4  00:58    0.0    1.0    1.8  00:58  283  1021.0  88
 20   -1.5   -1.4  01:00  -1.6  01:03    0.0    0.8    1.8  01:03  283  1021.0  88
 20   -1.6   -1.6  01:06  -1.6  01:06    0.0    0.7    1.8  01:08  283  1020.9  88
 20   -1.6   -1.6  01:12  -1.6  01:12    0.0    1.3    3.2  01:13  283  1021.0  89
 20   -1.6   -1.6  01:18  -1.6  01:18    0.0    0.4    1.8  01:17  283  1021.0  89
 20   -1.6   -1.6  01:20  -1.6  01:20    0.0    0.0    0.0  01:23  283  1020.8  89
 20   -1.6   -1.6  01:28  -1.7  01:28    0.0    0.0    1.8  01:28  283  1020.7  89
 20   -1.7   -1.7  01:33  -1.7  01:33    0.0    0.4    1.8  01:33  283  1020.6  89
 20   -1.7   -1.7  01:37  -1.8  01:38    0.0    0.1    1.8  01:38  283  1020.6  89
 20   -1.7   -1.7  01:41  -1.7  01:41    0.0    0.1    1.8  01:40  283  1020.6  89
 20   -1.8   -1.8  01:47  -1.8  01:47    0.0    0.0    0.0  01:48  283  1020.5  88
 20   -1.8   -1.8  01:53  -1.8  01:53    0.0    0.3    1.8  01:52  283  1020.4  88
 20   -1.8   -1.8  01:57  -1.8  01:57    0.0    0.5    1.8  01:58  283  1020.4  88
 20   -1.8   -1.8  02:01  -1.8  02:01    0.0    1.3    3.2  02:03  283  1020.4  89
 20   -1.8   -1.8  02:08  -1.8  02:08    0.0    0.8    3.2  02:06  283  1020.4  89
 20   -1.9   -1.8  02:12  -1.8  02:12    0.0    0.4    1.8  02:10  283  1020.3  89
 20   -1.9   -1.9  02:17  -1.9  02:17    0.0    1.0    1.8  02:18  283  1020.3  89
 20   -2.0   -1.9  02:20  -2.0  02:23    0.0    0.0    0.0  02:23  283  1020.2  89
 20   -2.1   -2.1  02:28  -2.1  02:28    0.0    0.0    0.0  02:28  283  1020.3  89
 20   -2.1   -2.1  02:32  -2.1  02:32    0.0    0.5    1.8  02:32  283  1020.2  89
 20   -2.1   -2.1  02:35  -2.1  02:35    0.0    1.8    3.2  02:35  283  1020.2  89
 20   -2.1   -2.1  02:42  -2.1  02:42    0.0    1.9    3.2  02:41  283  1020.1  89
 20   -2.1   -2.1  02:46  -2.1  02:46    0.0    1.9    3.2  02:46  283  1020.1  90
 20   -2.1   -2.1  02:53  -2.1  02:53    0.0    1.8    3.2  02:50  283  1020.0  90
 20   -2.1   -2.1  02:58  -2.1  02:58    0.0    1.1    1.8  02:58  283  1020.0  90
 20   -2.0   -2.0  03:03  -2.1  03:02    0.0    2.0    3.2  03:02  283  1019.9  90
 20   -2.0   -1.9  03:08  -2.0  03:08    0.0    2.4    3.2  03:08  283  1019.9  90
 20   -1.9   -1.9  03:10  -2.0  03:11    0.0    1.7    3.2  03:11  283  1019.8  90
 20   -1.8   -1.8  03:18  -1.9  03:16    0.0    2.2    3.2  03:18  283  1019.7  90
 20   -1.8   -1.7  03:21  -1.8  03:23    0.0    2.2    3.2  03:23  283  1019.6  90
 20   -1.8   -1.8  03:25  -1.8  03:25    0.0    1.2    3.2  03:26  283  1019.6  89
 20   -1.9   -1.9  03:32  -1.9  03:32    0.0    0.1    0.0  03:33  283  1019.5  88
 20   -1.9   -1.9  03:38  -1.9  03:38    0.0    0.0    0.0  03:38  283  1019.5  88
 20   -1.9   -1.9  03:43  -1.9  03:43    0.0    1.1    1.8  03:43  283  1019.6  88
 20   -1.9   -1.9  03:48  -1.9  03:48    0.0    0.5    1.8  03:46  283  1019.6  88
 20   -2.0   -2.0  03:51  -2.1  03:51    0.0    0.0    0.0  03:53  283  1019.6  87
 20   -2.1   -2.1  03:58  -2.2  03:58    0.0    0.0    0.0  03:58  283  1019.6  87
 20   -2.2   -2.2  04:03  -2.2  04:03    0.0    0.5    1.8  04:02  283  1019.6  87
 20   -2.3   -2.2  04:05  -2.3  04:08    0.0    0.7    1.8  04:08  283  1019.6  87
 20   -2.3   -2.3  04:12  -2.4  04:13    0.0    1.3    3.2  04:13  283  1019.5  87
 20   -2.4   -2.4  04:18  -2.4  04:18    0.0    0.1    1.8  04:18  283  1019.5  88
 20   -2.4   -2.4  04:23  -2.4  04:23    0.0    1.5    1.8  04:23  283  1019.4  88
 20   -2.4   -2.4  04:26  -2.4  04:26    0.0    0.4    1.8  04:25  283  1019.4  89
 20   -2.3   -2.3  04:33  -2.3  04:33    0.0    1.5    1.8  04:33  283  1019.5  89
 20   -2.3   -2.3  04:35  -2.3  04:35    0.0    1.5    1.8  04:36  283  1019.5  89
 20   -2.3   -2.3  04:42  -2.3  04:42    0.0    0.9    1.8  04:43  283  1019.5  89
 20   -2.3   -2.3  04:45  -2.3  04:45    0.0    1.4    3.2  04:48  283  1019.4  88
 20   -2.4   -2.4  04:53  -2.4  04:53    0.0    1.6    3.2  04:53  283  1019.3  88
 20   -2.5   -2.4  04:55  -2.5  04:56    0.0    0.2    1.8  04:56  283  1019.3  88
 20   -2.6   -2.5  05:00  -2.6  05:01    0.0    0.6    1.8  05:01  283  1019.3  88
 20   -2.6   -2.6  05:06  -2.6  05:06    0.0    0.2    0.0  05:07  283  1019.3  88
 20   -2.6   -2.5  05:13  -2.6  05:13    0.0    1.6    1.8  05:13  283  1019.3  89
 20   -2.5   -2.5  05:17  -2.5  05:17    0.0    0.9    3.2  05:17  283  1019.3  88
 20   -2.4   -2.4  05:22  -2.5  05:20    0.0    1.2    1.8  05:23  283  1019.3  88
 20   -2.5   -2.4  05:25  -2.5  05:28    0.0    0.7    1.8  05:28  283  1019.3  87
 20   -2.6   -2.6  05:33  -2.6  05:33    0.0    0.0    0.0  05:33  283  1019.4  87
 20   -2.6   -2.6  05:37  -2.7  05:37    0.0    0.7    1.8  05:38  283  1019.3  87
 20   -2.7   -2.7  05:42  -2.7  05:42    0.0    1.7    3.2  05:43  283  1019.3  86
 20   -2.7   -2.7    :    -2.7    :      0.0    2.2    1.8  05:47  283  1019.2  86
 20   -2.8   -2.8  05:52  -2.8  05:52    0.0    1.9    3.2  05:51  283  1019.2  87
 20   -2.8   -2.8  05:58  -2.9  05:58    0.0    1.2    3.2  05:58  283  1019.1  87
 20   -2.9   -2.9  06:02  -2.9  06:02    0.0    0.6    1.8  06:03  283  1019.0  88
 20   -2.9   -2.8  06:07  -2.9  06:08    0.0    1.5    3.2  06:08  283  1018.9  88
 20   -2.8   -2.8  06:12  -2.8  06:12    0.0    2.5    3.2  06:12  283  1018.9  90
 20   -2.7   -2.7  06:18  -2.7  06:18    0.0    1.9    3.2  06:18  283  1018.8  90
 20   -2.7   -2.7  06:21  -2.7  06:21    0.0    1.3    3.2  06:20  283  1018.6  90
 20   -2.7   -2.7  06:28  -2.7  06:28    0.0    0.0    0.0  06:28  283  1018.6  89
 20   -2.7   -2.7  06:32  -2.7  06:32    0.0    0.8    1.8  06:33  283  1018.6  89
 20   -2.6   -2.6  06:38  -2.6  06:38    0.0    1.7    3.2  06:37  283  1018.6  90
 20   -2.5   -2.5  06:43  -2.6  06:40    0.0    1.8    3.2  06:41  283  1018.6  90
 20   -2.5   -2.4  06:45  -2.5  06:46    0.0    0.3    1.8  06:45  283  1018.5  90
 20   -2.7   -2.6  06:50  -2.7  06:52    0.0    1.3    3.2  06:52  283  1018.4  89
 20   -2.7   -2.7  06:56  -2.7  06:56    0.0    1.2    3.2  06:56  283  1018.5  89
 20   -2.7   -2.7  07:02  -2.7  07:02    0.0    1.7    1.8  07:02  283  1018.5  89
 20   -2.6   -2.6  07:08  -2.7  07:05    0.0    2.6    3.2  07:08  283  1018.5  90
 20   -2.3   -2.3  07:13  -2.4  07:10    0.0    2.2    5.0  07:13  283  1018.6  90
 20   -2.2   -2.2  07:17  -2.3  07:16    0.0    0.9    3.2  07:16  283  1018.6  89
 20   -2.3   -2.3  07:21  -2.3  07:21    0.0    0.2    1.8  07:23  283  1018.6  88
 20   -2.6   -2.4  07:25  -2.6  07:28    0.0    0.7    3.2  07:26  283  1018.6  88
 20   -2.7   -2.7  07:33  -2.7  07:33    0.0    0.7    1.8  07:33  283  1018.6  88
 20   -2.8   -2.7  07:35  -2.8  07:38    0.0    0.4    3.2  07:35  283  1018.7  88
 20   -2.9   -2.9  07:43  -2.9  07:43    0.0    0.0    1.8  07:41  283  1018.8  88
 20   -3.0   -2.9  07:46  -3.0  07:48    0.0    1.1    1.8  07:48  283  1018.8  88
 20   -3.0   -3.0  07:53  -3.0  07:53    0.0    0.0    1.8  07:50  283  1018.7  88
 20   -3.0   -3.0  07:57  -3.0  07:57    0.0    1.3    3.2  07:58  283  1018.7  89
 20   -2.9   -2.8  08:01  -2.9  08:01    0.0    1.7    3.2  08:03  283  1018.7  90
 20   -2.5   -2.4  08:07  -2.6  08:06    0.0    1.5    3.2  08:07  283  1018.7  91
 20   -1.9   -1.9  08:11  -2.1  08:11    0.0    0.5    1.8  08:12  283  1018.7  91
 20   -1.4   -1.3  08:18  -1.6  08:15    0.0    0.8    1.8  08:18  283  1018.8  91
 20   -0.9   -0.8  08:23  -1.1  08:21    0.0    2.1    3.2  08:23  283  1018.7  89
 20   -0.4   -0.3  08:28  -0.6  08:26    0.0    1.6    3.2  08:28  283  1018.7  89
 20    0.1    0.2  08:32   0.0  08:30    0.0    0.0    0.0  08:33  283  1018.6  88
 20    0.7    0.8  08:38   0.4  08:35    0.0    0.9    1.8  08:38  283  1018.6  86
 20    1.3    1.3  08:42   1.2  08:41    0.0    0.0    0.0  08:43  283  1018.6  86
 20    1.8    2.0  08:48   1.6  08:45    0.0    0.3    1.8  08:48  283  1018.6  84
 20    2.4    2.6  08:53   2.1  08:50    0.0    1.4    1.8  08:53  283  1018.5  83
 20    3.0    2.8  08:55   2.8  08:55    0.0    0.0    0.0  08:58  283  1018.5  82
 20    3.7    3.8  09:02   3.6  09:01    0.0    0.0    0.0  09:03  283  1018.7  82
 20    4.1    4.2  09:08   3.9  09:06    0.0    0.3    1.8  09:06  283  1018.7  80
 20    4.7    4.7  09:12   4.4  09:10    0.0    1.4    3.2  09:11  283  1018.6  78
 20    5.4    5.6  09:18   5.1  09:15    0.0    0.4    1.8  09:16  283  1018.6  78
 20    6.1    6.3  09:23   5.8  09:20    0.0    0.3    1.8  09:21  283  1018.7  76
 20    7.0    7.0  09:28   6.8  09:26    0.0    0.0    0.0  09:28  283  1018.8  74
 20    7.3    7.4  09:33   7.2  09:30    0.0    1.1    3.2  09:32  283  1018.8  74
 20    7.4    7.5  09:38   7.4  09:38    0.0    1.3    1.8  09:38  283  1018.9  73
 20    7.5    7.6  09:43   7.5  09:42    0.0    0.4    1.8  09:43  283  1018.8  71
 20    7.6    7.6  09:46   7.6  09:46    0.0    1.7    3.2  09:45  283  1018.9  69
 20    7.8    7.8  09:53   7.7  09:51    0.0    0.9    1.8  09:53  283  1018.9  71
 20    7.8    7.8  09:58   7.8  09:58    0.0    3.9    6.8  09:58  113  1018.9  70
 20    7.9    7.9  10:03   7.9  10:03    0.0    1.9    3.2  10:01  121  1019.0  69
 20    7.9    7.9  10:08   7.9  10:08    0.0    2.0    3.2  10:08  133  1019.1  69
 20    7.9    7.9  10:12   7.9  10:12    0.0    3.7    6.8  10:12  159  1019.1  71
 20    8.0    8.0  10:17   8.0  10:17    0.0    2.6    5.0  10:18  167  1019.0  72
 20    7.9    8.0  10:20   7.9  10:23    0.0    2.6    5.0  10:23  178  1019.0  72
 20    7.9    8.0  10:27   7.9  10:28    0.0    3.0    6.8  10:26  203  1019.0  73
 20    7.9    8.0  10:33   7.9  10:32    0.0    1.7    3.2  10:31  186  1019.0  73
 20    8.0    8.0  10:37   8.0  10:37    0.0    2.3    3.2  10:38  204  1019.0  73
 20    8.1    8.1  10:43   8.0  10:41    0.0    2.8    5.0  10:43  225  1019.0  72
 20    8.2    8.2  10:48   8.1  10:46    0.0    3.5    6.8  10:48  181  1019.0  72
 20    8.3    8.3  10:53   8.3  10:53    0.0    2.2    5.0  10:51  169  1018.9  73
 20    8.5    8.6  10:58   8.4  10:56    0.0    3.3    5.0  10:58  199  1018.8  74
 20    8.7    8.7  11:03   8.6  11:01    0.0    2.5    3.2  11:03  175  1018.7  73
 20    8.8    8.8  11:07   8.7  11:05    0.0    1.4    3.2  11:07  175  1018.5  74
 20    8.9    8.9  11:11   8.9  11:11    0.0    2.0    5.0  11:13  175  1018.5  74
 20    9.2    9.2  11:18   9.0  11:15    0.0    2.1    5.0  11:18  181  1018.3  73
 20    9.4    9.4  11:23   9.3  11:20    0.0    3.8    6.8  11:21  221  1018.2  72
 20    9.6    9.7  11:28   9.6  11:28    0.0    1.8    3.2  11:28  226  1018.1  71
 20    9.7    9.8  11:33   9.7  11:33    0.0    0.3    1.8  11:31  226  1018.1  69
 20    9.8    9.8  11:38   9.8  11:38    0.0    0.8    1.8  11:37  226  1018.0  68
 20    9.8    9.8  11:41   9.8  11:41    0.0    1.1    3.2  11:41  226  1017.9  68
 20    9.9    9.9  11:48   9.9  11:48    0.0    1.1    1.8  11:48  226  1017.8  68
 20    9.9    9.9  11:52   9.9  11:52    0.0    1.9    5.0  11:52  210  1017.6  69
 20    9.9    9.9  11:57   9.8  11:56    0.0    1.2    3.2  11:58  194  1017.6  70
 20    9.8    9.8  12:03   9.8  12:03    0.0    1.3    3.2  12:02  188  1017.6  71
 20    9.8    9.8  12:08   9.8  12:08    0.0    0.8    3.2  12:06  188  1017.3  72
 20    9.8    9.8  12:12   9.8  12:12    0.0    0.6    1.8  12:13  188  1017.3  72
 20    9.9    9.9  12:18   9.9  12:18    0.0    1.1    3.2  12:18  188  1017.2  73
 20   10.0   10.1  12:23   9.9  12:22    0.0    1.3    3.2  12:22  188  1017.2  73
 20   10.1   10.1  12:28  10.1  12:28    0.0    1.9    6.8  12:25  192  1017.2  74
 20   10.2   10.2  12:33  10.2  12:33    0.0    2.4    5.0  12:31  174  1017.3  74
 20   10.3   10.3  12:38  10.2  12:37    0.0    4.0    6.8  12:37  162  1017.2  73
 20   10.3   10.3  12:40  10.3  12:40    0.0    3.2    5.0  12:41  156  1017.1  73
 20   10.2   10.2  12:47  10.2  12:47    0.0    3.4    8.6  12:48  181  1017.1  74
 20   10.2   10.2  12:53  10.2  12:53    0.0    3.7   10.1  12:51  159  1017.0  75
 20   10.1   10.1  12:58  10.1  12:58    0.0    3.0   10.1  12:55  173  1016.9  75
 20   10.1   10.1  13:03  10.1  13:03    0.0    2.6    5.0  13:01  200  1016.8  75
 20   10.1   10.1  13:08  10.1  13:08    0.0    2.9    5.0  13:08  179  1016.7  75
 20   10.2   10.2  13:12  10.1  13:12    0.0    1.9    3.2  13:12  165  1016.6  75
 20   10.2   10.2  13:18  10.2  13:18    0.0    1.0    3.2  13:17  166  1016.6  75
 20   10.2   10.2  13:23  10.2  13:23    0.0    1.8    5.0  13:22  166  1016.6  75
 20   10.2   10.2  13:28  10.2  13:28    0.0    0.9    3.2  13:25  166  1016.5  75
 20   10.2   10.2  13:33  10.2  13:33    0.0    2.4    5.0  13:33  159  1016.6  75
 20   10.3   10.3  13:38  10.2  13:35    0.0    2.0    5.0  13:36  144  1016.6  75
 20   10.3   10.3  13:43  10.3  13:43    0.0    1.7    3.2  13:43  144  1016.5  75
 20   10.3   10.3  13:46  10.3  13:46    0.0    2.4    3.2  13:48  149  1016.4  75
 20   10.4   10.4  13:52  10.3  13:51    0.0    0.5    1.8  13:51  154  1016.3  75
 20   10.4   10.4  13:58  10.4  13:58    0.0    0.7    1.8  13:58  154  1016.3  75
 20   10.4   10.4  14:03  10.4  14:03    0.0    0.0    0.0  14:03  154  1016.1  74
 20   10.4   10.4  14:08  10.4  14:08    0.0    0.0    0.0  14:08  154  1016.0  74
 20   10.4   10.4  14:13  10.4  14:13    0.0    0.0    0.0  14:13  154  1015.9  74
 20   10.4   10.4  14:16  10.4  14:16    0.0    0.0    0.0  14:18  154  1016.1  74
 20   10.4   10.5  14:22  10.4  14:22    0.0    0.0    0.0  14:23  154  1016.0  74
 20   10.4   10.5  14:27  10.4  14:27    0.0    1.0    3.2  14:26  154  1015.9  74
 20   10.4   10.5  14:31  10.4  14:33    0.0    0.3    1.8  14:32  154  1015.9  74
 20   10.4   10.4  14:38  10.4  14:38    0.0    1.1    1.8  14:38  154  1015.9  74
 20   10.4   10.4  14:43  10.4  14:43    0.0    1.4    1.8  14:43  154  1015.9  74
 20   10.3   10.4  14:46  10.3  14:48    0.0    1.3    3.2  14:48  153  1016.0  74
 20   10.3   10.4  14:50  10.3  14:53    0.0    1.9    5.0  14:51  160  1016.0  75
 20   10.3   10.3  14:56  10.3  14:56    0.0    1.9    5.0  14:55  168  1016.0  75
 20   10.2   10.2  15:02  10.2  15:02    0.0    1.4    3.2  15:00  188  1016.0  75
 20   10.1   10.1  15:08  10.1  15:08    0.0    1.6    3.2  15:08  201  1016.0  76
 20    9.9   10.0  15:11   9.9  15:13    0.0    2.6    5.0  15:11  195  1016.0  76
 20    9.9    9.9  15:18   9.8  15:18    0.0    3.5    5.0  15:18  182  1016.0  76
 20    9.8    9.9  15:20   9.8  15:23    0.0    2.1    3.2  15:23  184  1016.0  76
 20    9.8    9.8  15:26   9.8  15:26    0.0    2.1    5.0  15:25  193  1016.0  76
 20    9.7    9.8  15:30   9.7  15:33    0.0    3.2    5.0  15:31  192  1016.0  76
 20    9.6    9.7  15:35   9.6  15:35    0.0    2.0    5.0  15:37  182  1016.0  76
 20    9.6    9.6  15:42   9.5  15:43    0.0    2.1    5.0  15:42  172  1016.1  76
 20    9.4    9.4  15:48   9.4  15:48    0.0    2.4    5.0  15:47  175  1016.1  77
 20    9.4    9.4  15:53   9.4  15:53    0.0    1.6    5.0  15:51  179  1016.1  77
 20    9.3    9.4  15:55   9.3  15:57    0.0    1.0    3.2  15:57  179  1016.0  77
 20    9.3    9.3  16:03   9.3  16:03    0.0    0.4    1.8  16:01  179  1015.9  77
 20    9.2    9.2  16:06   9.2  16:06    0.0    1.1    3.2  16:08  179  1015.9  77
 20    9.0    9.1  16:11   9.0  16:12    0.0    2.4    3.2  16:13  179  1016.0  77
 20    8.9    8.9  16:16   8.9  16:16    0.0    2.1    3.2  16:16  169  1016.0  78
 20    8.8    8.8  16:22   8.8  16:22    0.0    2.4    3.2  16:21  176  1016.0  78
 20    8.7    8.7  16:28   8.7  16:28    0.0    2.0    5.0  16:28  176  1016.0  78
 20    8.6    8.7  16:31   8.6  16:33    0.0    1.9    5.0  16:32  176  1016.0  79
 20    8.6    8.6  16:37   8.6  16:37    0.0    2.7    5.0  16:38  176  1016.0  79
 20    8.5    8.5  16:43   8.5  16:43    0.0    2.0    3.2  16:43  176  1016.0  79
 20    8.4    8.5  16:46   8.4  16:46    0.0    2.5    3.2  16:47  176  1016.1  79
 20    8.4    8.4  16:52   8.4  16:52    0.0    2.0    3.2  16:52  176  1016.0  79
 20    8.3    8.3  16:56   8.3  16:56    0.0    1.7    3.2  16:58  176  1015.9  79
 20    8.2    8.2  17:02   8.2  17:02    0.0    1.1    1.8  17:03  176  1015.7  79
 20    8.1    8.1  17:06   8.0  17:07    0.0    3.7    6.8  17:08  238  1015.7  80
 20    8.0    8.1  17:13   8.0  17:12    0.0    4.4   10.1  17:12  227  1015.7  80
 20    8.2    8.2  17:18   8.1  17:15    0.0    1.8    3.2  17:17  217  1015.9  79
 20    8.1    8.2  17:22   8.1  17:23    0.0    2.1    3.2  17:23  217  1015.8  79
 20    8.1    8.1  17:28   8.1  17:28    0.0    1.7    3.2  17:28  175  1015.9  79
 20    8.1    8.1  17:32   8.1  17:32    0.0    2.5    5.0  17:33  175  1016.0  80
 20    8.1    8.1  17:36   8.0  17:36    0.0    2.2    3.2  17:38  175  1016.0  80
 20    7.9    8.0  17:40   7.9  17:43    0.0    2.3    3.2  17:40  207  1016.0  80
 20    7.8    7.9  17:45   7.8  17:48    0.0    2.1    5.0  17:48  234  1016.0  80
 20    7.6    7.7  17:50   7.6  17:53    0.0    0.4    1.8  17:53  186  1016.0  79
 20    7.5    7.6  17:56   7.5  17:58    0.0    0.6    1.8  17:58  186  1016.1  80
 20    7.4    7.4  18:01   7.4  18:01    0.0    1.2    3.2  18:00  186  1016.3  81
 20    7.3    7.3  18:07   7.2  18:08    0.0    1.7    6.8  18:08  172  1016.3  81
 20    7.2    7.2  18:12   7.1  18:12    0.0    1.9    5.0  18:12  154  1016.3  82
 20    7.0    7.1  18:15   6.9  18:18    0.0    1.9    5.0  18:17  160  1016.3  82
 20    6.9    6.9  18:22   6.9  18:22    0.0    1.3    3.2  18:20  161  1016.4  83
 20    6.7    6.8  18:27   6.7  18:28    0.0    1.1    3.2  18:27  161  1016.4  83
 20    6.7    6.7  18:33   6.6  18:33    0.0    0.0    0.0  18:33  161  1016.4  83
 20    6.6    6.6  18:37   6.6  18:37    0.0    1.4    3.2  18:38  161  1016.5  84
 20    6.7    6.7  18:43   6.6  18:40    0.0    1.4    3.2  18:40  161  1016.5  84
 20    6.8    6.8  18:48   6.7  18:47    0.0    0.1    0.0  18:48  161  1016.4  84
 20    6.7    6.7  18:53   6.7  18:53    0.0    0.0    0.0  18:53  161  1016.5  83
 20    6.5    6.6  18:57   6.5  18:58    0.0    0.0    0.0  18:58  161  1016.5  83
 20    6.4    6.4  19:03   6.4  19:03    0.0    1.1    1.8  19:03  161  1016.6  84
 20    6.3    6.4  19:05   6.3  19:08    0.0    1.6    3.2  19:05  161  1016.6  85
 20    6.3    6.3  19:13   6.3  19:13    0.0    1.9    3.2  19:11  161  1016.5  85
 20    6.2    6.3  19:17   6.2  19:18    0.0    1.7    3.2  19:16  161  1016.6  85
 20    6.2    6.2  19:21   6.2  19:21    0.0    2.6    3.2  19:23  161  1016.6  85
 20    6.0    6.1  19:26   6.1  19:26    0.0    0.9    1.8  19:27  161  1016.7  85
 20    5.8    5.9  19:30   5.8  19:33    0.0    2.3    3.2  19:33  161  1016.7  85
 20    5.5    5.6  19:36   5.6  19:36    0.0    2.2    3.2  19:36  161  1016.7  85
 20    5.2    5.3  19:40   5.1  19:43    0.0    2.9    3.2  19:43  163  1016.7  85
 20    5.1    5.1  19:48   5.0  19:48    0.0    3.0    5.0  19:48  182  1016.6  87
 20    5.0    5.0  19:52   4.9  19:52    0.0    4.1    6.8  19:52  184  1016.7  87
 20    5.0    5.0  19:57   4.9  19:55    0.0    4.7    6.8  19:58  169  1016.6  88
 20    5.2    5.2  20:02   5.1  20:00    0.0    4.5   10.1  20:03  164  1016.5  89
 20    5.3    5.4  20:08   5.3  20:06    0.0    5.8    8.6  20:07  164  1016.2  88
 20    5.4    5.4  20:11   5.4  20:11    0.0    4.9    8.6  20:11  163  1016.2  88
 20    5.5    5.6  20:17   5.5  20:17    0.0    7.7   10.1  20:18  153  1016.2  87
 20    5.7    5.7  20:21   5.7  20:21    0.0    4.5    8.6  20:21  165  1016.2  87
 20    5.7    5.7  20:28   5.7  20:28    0.0    6.4   10.1  20:25  159  1016.2  85
 20    5.7    5.8  20:30   5.7  20:31    0.0    2.5    5.0  20:31  170  1016.2  84
 20    5.7    5.7  20:36   5.7  20:36    0.0    2.4    3.2  20:36  172  1016.2  84
 20    5.7    5.7  20:43   5.7  20:43    0.0    3.9    5.0  20:43  159  1016.3  83
 20    5.6    5.6  20:48   5.6  20:48    0.0    4.8    6.8  20:48  151  1016.4  83
 20    5.5    5.5  20:53   5.5  20:53    0.0    4.0   10.1  20:52  165  1016.4  82
 20    5.4    5.5  20:56   5.3  20:58    0.0    6.1   13.7  20:58  162  1016.3  81
 20    5.4    5.4  21:03   5.3  21:01    0.0    5.8   13.7  21:01  160  1016.4  81
 20    5.5    5.5  21:06   5.4  21:05    0.0    8.0   11.9  21:08  166  1016.4  80
 20    5.8    5.8  21:13   5.7  21:11    0.0    7.5   13.7  21:13  188  1016.5  78
 20    6.0    6.1  21:18   5.9  21:16    0.0    6.7   11.9  21:15  172  1016.5  76
 20    6.2    6.2  21:23   6.2  21:23    0.0    8.1   13.7  21:21  194  1016.5  74
 20    6.3    6.3  21:28   6.2  21:26    0.0    9.9   20.5  21:28  183  1016.5  73
 20    6.4    6.4  21:33   6.3  21:30    0.0    5.6   10.1  21:33  191  1016.5  72
 20    6.5    6.5  21:36   6.4  21:35    0.0    4.8   13.7  21:35  214  1016.5  71
 20    6.6    6.7  21:43   6.6  21:42    0.0    5.3   13.7  21:41  220  1016.5  69
 20    6.7    6.7  21:48   6.7  21:48    0.0    6.6   13.7  21:45  241  1016.6  68
 20    6.8    6.8  21:53   6.8  21:53    0.0    1.9    5.0  21:50  281  1016.9  67
 20    6.8    6.8  21:56   6.8  21:56    0.0    1.1    1.8  21:58  207  1016.9  67
 20    6.8    6.8  22:03   6.8  22:03    0.0    1.0    1.8  22:03  203  1016.9  67
 20    6.8    6.8  22:07   6.8  22:07    0.0    4.6    5.0  22:06  172  1016.9  67
 20    6.8    6.8  22:12   6.8  22:12    0.0    5.0    8.6  22:12  154  1016.9  67
 20    6.7    6.7  22:16   6.7  22:16    0.0    2.3    6.8  22:15  194  1016.9  68
 20    6.3    6.4  22:21   6.3  22:22    0.0    7.6   11.9  22:23  205  1016.8  68
 20    6.2    6.3  22:27   6.2  22:27    0.0    4.3   10.1  22:26  183  1016.9  68
 20    6.2    6.2  22:33   6.2  22:33    0.0    5.5    8.6  22:33  162  1017.0  68
 20    6.2    6.3  22:38   6.2  22:36    0.0    5.1    8.6  22:37  186  1016.9  68
 20    6.2    6.3  22:41   6.2  22:43    0.0    3.0   10.1  22:43  184  1016.8  68
 20    6.3    6.3  22:48   6.2  22:45    0.0    8.3   16.9  22:47  155  1016.9  68
 20    6.3    6.3  22:53   6.3  22:53    0.0    9.4   13.7  22:52  157  1016.9  68
 20    6.3    6.3  22:57   6.3  22:57    0.0    9.7   15.5  22:58  163  1016.8  68
 20    6.2    6.3  23:02   6.2  23:03    0.0    7.7   13.7  23:02  163  1016.7  68
 20    6.2    6.2  23:08   6.2  23:08    0.0    9.5   15.5  23:08  156  1016.6  68
 20    6.2    6.2  23:11   6.1  23:11    0.0    9.7   16.9  23:11  161  1016.4  68
 20    6.2    6.2  23:18   6.1  23:15    0.0    8.7   15.5  23:16  183  1016.3  68
 20    6.4    6.4  23:23   6.3  23:21    0.0   11.2   18.7  23:23  175  1016.2  68
 20    6.5    6.6  23:28   6.4  23:26    0.0    8.9   16.9  23:25  184  1016.1  67
 20    6.7    6.7  23:33   6.7  23:33    0.0    8.0   11.9  23:33  176  1015.9  67
 20    6.8    6.8  23:36   6.8  23:36    0.0   10.9   16.9  23:36  186  1015.9  66
 20    7.0    7.0  23:41   6.9  23:40    0.0    7.5   11.9  23:42  190  1015.9  66
 20    7.1    7.1  23:48   7.1  23:48    0.0    6.5   11.9  23:45  175  1016.0  65
 20    6.9    7.0  23:51   6.9  23:53    0.0    7.7   15.5  23:52  174  1016.0  65
 20    6.9    7.0    :     6.9    :      0.0    7.7   15.5    :    174  1016.0  65
----------------------------------------------------------------------------------
MONTH  5.6   17.4  19     -3.6  04     111.2    5.5   68.4  02      SW  1020.4  80

