                  MONTHLY CLIMATOLOGICAL SUMMARY FOR 2023-12

Elevation: 388m
Latitude:  45.650
Longitude: 13.777

Temperature in C, Rain in MM, Wind Speed in KM/H and Pressure in HPA

      AVG                                      AVG                 DOM
DAY   TEMP   HIGH   TIME   LOW   TIME   RAIN   WIND   HIGH   TIME  DIR   BAROM HUM
----------------------------------------------------------------------------------
 19   -0.1   -0.1  00:01  -0.1  00:01    0.0    2.1    3.2  00:03  305  1033.6  87
 19   -0.1   -0.1  00:07  -0.1  00:07    0.0    2.3    3.2  00:08  305  1033.6  87
 19   -0.1   -0.1  00:13  -0.1  00:13    0.0    1.8    3.2  00:11  305  1033.6  87
 19   -0.1   -0.1  00:17  -0.2  00:17    0.0    2.0    3.2  00:18  305  1033.6  86
 19   -0.2   -0.2  00:23  -0.2  00:23    0.0    2.5    3.2  00:23  305  1033.5  86
 19   -0.2   -0.2  00:28  -0.2  00:28    0.0    1.4    1.8  00:28  305  1033.5  86
 19   -0.3   -0.3  00:33  -0.3  00:33    0.0    1.9    3.2  00:33  305  1033.4  87
 19   -0.3   -0.3  00:38  -0.3  00:38    0.0    1.6    1.8  00:38  305  1033.3  86
 19   -0.3   -0.3  00:43  -0.4  00:43    0.0    0.9    1.8  00:43  305  1033.2  86
 19   -0.3   -0.3  00:46  -0.3  00:46    0.0    1.6    1.8  00:47  305  1033.3  88
 19   -0.3   -0.4  00:50  -0.4  00:50    0.0    1.5    1.8  00:53  305  1033.3  88
 19   -0.3   -0.3  00:58  -0.3  00:58    0.0    2.3    3.2  00:58  305  1033.2  89
 19   -0.3   -0.3  01:00  -0.3  01:00    0.0    1.7    1.8  01:03  305  1033.2  88
 19   -0.3   -0.3  01:06  -0.3  01:06    0.0    2.5    3.2  01:08  305  1033.2  87
 19   -0.4   -0.4  01:12  -0.4  01:12    0.0    2.1    3.2  01:13  305  1033.2  88
 19   -0.4   -0.4  01:16  -0.4  01:16    0.0    1.6    1.8  01:18  305  1033.2  87
 19   -0.4   -0.4  01:23  -0.4  01:23    0.0    1.6    1.8  01:23  305  1033.2  88
 19   -0.4   -0.4  01:26  -0.4  01:26    0.0    2.4    3.2  01:28  305  1033.1  87
 19   -0.6   -0.5  01:32  -0.6  01:32    0.0    2.5    3.2  01:33  305  1033.1  86
 19   -0.6   -0.6  01:37  -0.6  01:37    0.0    2.0    3.2  01:37  305  1033.1  86
 19   -0.6   -0.6  01:41  -0.6  01:41    0.0    2.0    3.2  01:42  305  1033.1  87
 19   -0.6   -0.6  01:47  -0.7  01:46    0.0    2.2    3.2  01:47  305  1033.1  88
 19   -0.6   -0.6  01:52  -0.7  01:51    0.0    2.4    3.2  01:52  305  1033.0  87
 19   -0.7   -0.7  01:56  -0.7  01:56    0.0    2.5    3.2  01:58  305  1033.0  87
 19   -0.6   -0.6  02:03  -0.6  02:03    0.0    2.5    3.2  02:03  305  1032.9  87
 19   -0.6   -0.6  02:08  -0.6  02:08    0.0    2.5    3.2  02:08  305  1032.9  88
 19   -0.5   -0.5  02:11  -0.5  02:11    0.0    2.0    3.2  02:10  305  1032.9  87
 19   -0.5   -0.4  02:18  -0.5  02:17    0.0    2.0    3.2  02:16  305  1032.9  87
 19   -0.5   -0.4  02:21  -0.5  02:22    0.0    1.6    1.8  02:22  305  1032.9  86
 19   -0.5   -0.6  02:25  -0.6  02:25    0.0    2.2    3.2  02:27  305  1032.9  86
 19   -0.4   -0.4  02:32  -0.5  02:33    0.0    1.8    3.2  02:32  305  1032.8  88
 19   -0.6   -0.6  02:38  -0.6  02:38    0.0    2.3    3.2  02:38  305  1032.8  88
 19   -0.6   -0.6  02:41  -0.6  02:41    0.0    1.9    3.2  02:41  305  1032.8  88
 19   -0.6   -0.6  02:48  -0.6  02:48    0.0    2.0    3.2  02:45  305  1032.7  87
 19   -0.6   -0.6  02:53  -0.6  02:53    0.0    2.0    3.2  02:51  305  1032.7  88
 19   -0.6   -0.6  02:58  -0.6  02:58    0.0    2.0    3.2  02:58  305  1032.7  87
 19   -0.7   -0.6  03:02  -0.7  03:01    0.0    1.8    3.2  03:01  305  1032.7  87
 19   -0.6   -0.6  03:07  -0.7  03:05    0.0    1.5    1.8  03:07  305  1032.7  87
 19   -0.7   -0.6  03:11  -0.7  03:12    0.0    2.1    3.2  03:13  305  1032.7  87
 19   -0.7   -0.7  03:18  -0.7  03:18    0.0    1.7    1.8  03:18  305  1032.7  87
 19   -0.8   -0.7  03:20  -0.8  03:23    0.0    2.4    3.2  03:23  305  1032.7  87
 19   -0.9   -0.8  03:26  -0.9  03:28    0.0    1.9    3.2  03:28  305  1032.6  86
 19   -0.9   -0.9  03:32  -1.0  03:31    0.0    2.3    3.2  03:32  305  1032.6  86
 19   -1.1   -1.1  03:38  -1.1  03:38    0.0    1.4    3.2  03:37  305  1032.7  87
 19   -1.1   -1.1  03:43  -1.1  03:43    0.0    1.9    3.2  03:40  305  1032.6  86
 19   -1.1   -1.1  03:48  -1.2  03:48    0.0    1.6    1.8  03:48  305  1032.7  88
 19   -1.2   -1.1  03:51  -1.2  03:53    0.0    2.0    3.2  03:53  305  1032.7  87
 19   -1.2   -1.2  03:58  -1.2  03:58    0.0    2.4    3.2  03:58  305  1032.6  87
 19   -1.2   -1.2  04:03  -1.2  04:03    0.0    2.8    3.2  04:03  305  1032.6  87
 19   -1.2   -1.2  04:08  -1.2  04:08    0.0    2.4    3.2  04:08  305  1032.5  88
 19   -1.2   -1.2  04:12  -1.2  04:12    0.0    2.2    3.2  04:13  305  1032.7  87
 19   -1.2   -1.2  04:18  -1.2  04:18    0.0    2.4    3.2  04:18  305  1032.6  88
 19   -1.2   -1.2  04:21  -1.3  04:23    0.0    2.3    3.2  04:23  305  1032.5  88
 19   -1.2   -1.2  04:26  -1.2  04:26    0.0    2.9    3.2  04:28  305  1032.5  89
 19   -0.9   -0.9  04:33  -1.1  04:30    0.0    2.8    3.2  04:32  305  1032.4  89
 19   -0.8   -0.8  04:38  -0.8  04:38    0.0    2.6    3.2  04:38  305  1032.3  89
 19   -0.8   -0.8  04:41  -0.8  04:41    0.0    1.9    3.2  04:42  305  1032.3  87
 19   -0.9   -0.9  04:46  -0.9  04:46    0.0    2.4    3.2  04:47  305  1032.2  88
 19   -0.8   -0.8  04:51  -0.9  04:51    0.0    2.0    3.2  04:51  305  1032.2  88
 19   -0.8   -0.8  04:58  -0.8  04:58    0.0    2.7    3.2  04:58  305  1032.1  88
 19   -0.8   -0.8  05:03  -0.8  05:03    0.0    2.3    3.2  05:03  305  1032.1  87
 19   -0.8   -0.8  05:08  -0.9  05:08    0.0    1.8    3.2  05:06  305  1032.1  87
 19   -0.8   -0.8  05:12  -0.8  05:12    0.0    1.5    1.8  05:13  305  1032.1  87
 19   -0.8   -0.8  05:15  -0.9  05:15    0.0    1.6    3.2  05:15  305  1032.1  87
 19   -0.8   -0.8  05:23  -0.8  05:23    0.0    2.4    3.2  05:23  305  1032.2  88
 19   -0.8   -0.8  05:28  -0.8  05:28    0.0    2.6    3.2  05:28  305  1032.2  87
 19   -0.8   -0.8  05:32  -0.9  05:33    0.0    1.9    3.2  05:32  305  1032.2  87
 19   -0.9   -0.9  05:36  -0.9  05:36    0.0    1.8    3.2  05:36  305  1032.2  87
 19   -0.9   -0.9  05:43  -1.0  05:43    0.0    2.3    3.2  05:43  305  1032.2  86
 19   -0.9   -0.9  05:48  -1.0  05:47    0.0    3.0    3.2  05:48  305  1032.2  87
 19   -0.9   -0.9  05:52  -0.9  05:52    0.0    1.9    3.2  05:52  305  1032.2  87
 19   -0.9   -0.9  05:58  -0.9  05:58    0.0    2.0    3.2  05:58  305  1032.2  86
 19   -0.9   -0.9  06:03  -0.9  06:03    0.0    2.0    3.2  06:03  305  1032.2  87
 19   -0.9   -0.9  06:08  -0.9  06:08    0.0    2.5    3.2  06:08  305  1032.2  87
 19   -0.9   -0.9  06:11  -0.9  06:11    0.0    2.6    3.2  06:12  305  1032.3  87
 19   -0.9   -0.9  06:16  -0.9  06:16    0.0    2.5    3.2  06:18  305  1032.2  87
 19   -0.9   -0.9  06:23  -0.9  06:23    0.0    2.2    3.2  06:23  305  1032.2  87
 19   -0.9   -0.8  06:28  -0.9  06:26    0.0    2.0    3.2  06:26  305  1032.2  87
 19   -1.0   -0.9  06:30  -1.0  06:32    0.0    2.0    3.2  06:33  305  1032.3  86
 19   -1.1   -1.1  06:36  -1.1  06:36    0.0    2.7    3.2  06:36  305  1032.2  85
 19   -1.1   -1.1  06:43  -1.2  06:43    0.0    2.3    3.2  06:43  305  1032.2  85
 19   -1.2   -1.2  06:49  -1.3  06:49    0.0    1.7    1.8  06:48  305  1032.2  86
 19   -1.4   -1.3  06:51  -1.3  06:51    0.0    2.6    3.2  06:52  305  1032.2  87
 19   -1.4   -1.4  06:57  -1.4  06:57    0.0    1.8    3.2  06:57  305  1032.3  87
 19   -1.4   -1.4  07:02  -1.5  07:01    0.0    2.3    3.2  07:03  305  1032.4  87
 19   -1.4   -1.4  07:07  -1.4  07:07    0.0    2.1    3.2  07:08  305  1032.4  87
 19   -1.4   -1.4  07:12  -1.4  07:12    0.0    2.7    3.2  07:13  305  1032.3  88
 19   -1.4   -1.4  07:16  -1.4  07:16    0.0    3.2    5.0  07:15  305  1032.3  88
 19   -1.4   -1.4  07:20  -1.4  07:20    0.0    1.9    3.2  07:20  305  1032.2  88
 19   -1.6   -1.6  07:28  -1.6  07:28    0.0    1.8    3.2  07:28  305  1032.2  87
 19   -1.6   -1.6  07:32  -1.6  07:32    0.0    2.1    3.2  07:31  305  1032.2  88
 19   -1.5   -1.4  07:37  -1.5  07:38    0.0    2.5    3.2  07:37  305  1032.1  89
 19   -1.4   -1.4  07:41  -1.5  07:41    0.0    1.3    1.8  07:43  305  1032.2  88
 19   -1.4   -1.4  07:45  -1.4  07:45    0.0    2.1    3.2  07:45  305  1032.2  89
 19   -1.3   -1.3  07:53  -1.3  07:53    0.0    2.3    3.2  07:53  305  1032.2  88
 19   -1.3   -1.3  07:56  -1.3  07:56    0.0    2.3    3.2  07:58  305  1032.2  88
 19   -1.0   -0.9  08:03  -1.2  08:00    0.0    2.4    3.2  08:03  305  1032.1  88
 19   -0.7   -0.7  08:06  -0.7  08:06    0.0    2.5    3.2  08:07  305  1032.2  88
 19   -0.3   -0.3  08:12  -0.4  08:11    0.0    2.7    3.2  08:12  305  1032.2  87
 19   -0.1   -0.1  08:16  -0.2  08:15    0.0    2.7    3.2  08:18  305  1032.3  86
 19    0.3    0.4  08:23   0.2  08:21    0.0    2.7    3.2  08:23  305  1032.3  86
 19    0.8    0.9  08:27   0.7  08:26    0.0    2.6    3.2  08:27  305  1032.2  86
 19    1.2    1.3  08:32   1.1  08:30    0.0    3.0    3.2  08:33  305  1032.1  85
 19    1.6    1.7  08:37   1.5  08:35    0.0    2.2    3.2  08:37  305  1032.1  84
 19    2.1    2.2  08:43   2.0  08:40    0.0    3.6    5.0  08:43  303  1031.9  83
 19    2.6    2.7  08:48   2.3  08:45    0.0    3.3    5.0  08:46  296  1031.8  82
 19    3.2    3.3  08:52   3.0  08:51    0.0    3.9    5.0  08:51  296  1031.8  80
 19    3.8    3.8  08:56   3.6  08:55    0.0    1.8    3.2  08:57  296  1031.7  79
 19    4.5    4.6  09:03   4.3  09:00    0.0    1.4    3.2  09:03  296  1031.7  76
 19    5.1    5.2  09:08   4.8  09:05    0.0    1.7    3.2  09:08  296  1031.7  75
 19    5.5    5.4  09:10   5.4  09:10    0.0    2.0    3.2  09:11  296  1031.8  74
 19    6.2    6.1  09:16   6.1  09:16    0.0    2.0    3.2  09:17  295  1031.7  74
 19    6.7    6.8  09:23   6.4  09:20    0.0    2.8    3.2  09:23  295  1031.6  74
 19    7.3    7.4  09:28   7.1  09:26    0.0    2.7    3.2  09:28  295  1031.5  68
 19    7.5    7.5  09:30   7.5  09:30    0.0    1.1    3.2  09:31  295  1031.4  68
 19    8.2    8.3  09:38   8.1  09:36    0.0    1.5    1.8  09:38  295  1031.5  67
 19    8.8    8.8  09:43   8.6  09:41    0.0    2.2    3.2  09:43  295  1031.5  65
 19    9.4    9.6  09:48   9.2  09:45    0.0    1.6    3.2  09:46  295  1031.4  66
 19   10.2   10.3  09:53   9.9  09:51    0.0    1.7    3.2  09:53  295  1031.3  63
 19   10.8   11.0  09:58  10.6  09:55    0.0    1.1    1.8  09:58  295  1031.3  60
 19   11.3   11.4  10:02  11.2  10:00    0.0    0.9    1.8  10:03  295  1031.3  59
 19   11.9   11.9  10:08  11.7  10:05    0.0    1.8    3.2  10:08  295  1031.3  54
 19   12.2   12.2  10:11  12.1  10:10    0.0    2.4    3.2  10:13  295  1031.1  55
 19   12.7   12.8  10:18  12.5  10:15    0.0    2.2    3.2  10:18  295  1031.0  53
 19   13.1   13.2  10:23  13.0  10:20    0.0    2.9    3.2  10:23  295  1031.0  53
 19   13.5   13.6  10:28  13.4  10:26    0.0    2.1    3.2  10:28  295  1031.0  52
 19   13.9   14.0  10:33  13.7  10:30    0.0    1.8    3.2  10:31  295  1030.9  52
 19   14.3   14.4  10:37  14.1  10:35    0.0    1.7    3.2  10:37  295  1030.8  47
 19   14.9   14.9  10:43  14.8  10:41    0.0    1.2    3.2  10:43  295  1030.8  45
 19   15.2   15.3  10:48  15.1  10:45    0.0    0.8    1.8  10:48  295  1030.7  42
 19   15.6   15.7  10:53  15.4  10:51    0.0    0.0    0.0  10:53  295  1030.7  42
 19   15.8   15.9  10:58  15.8  10:56    0.0    0.9    1.8  10:58  295  1030.5  40
 19   15.9   15.9  11:03  15.8  11:01    0.0    0.3    1.8  11:01  295  1030.5  36
 19   15.9   15.9  11:08  15.9  11:08    0.0    0.5    1.8  11:06  295  1030.4  37
 19   16.0   16.0  11:13  15.9  11:10    0.0    0.5    1.8  11:13  295  1030.2  36
 19   16.1   16.1  11:18  16.1  11:18    0.0    0.8    1.8  11:18  295  1030.1  35
 19   16.1   16.2  11:23  16.1  11:23    0.0    0.7    1.8  11:22  295  1029.9  36
 19   16.3   16.4  11:27  16.2  11:25    0.0    1.1    3.2  11:27  295  1029.8  34
 19   16.4   16.5  11:32  16.4  11:32    0.0    1.6    3.2  11:33  332  1029.6  34
 19   16.4   16.4  11:37  16.4  11:37    0.0    3.7    5.0  11:37  352  1029.6  35
 19   16.2   16.3  11:41  16.2  11:43    0.0    4.5    6.8  11:43  008  1029.5  38
 19   16.0   16.1  11:46  15.9  11:48    0.0    4.9    6.8  11:48  013  1029.5  40
 19   15.9   15.9  11:53  15.9  11:53    0.0    3.7    5.0  11:53  020  1029.4  39
 19   15.8   15.9  11:57  15.8  11:58    0.0    4.5    5.0  11:58  009  1029.4  39
 19   15.7   15.7  12:02  15.6  12:03    0.0    3.7    6.8  12:01  026  1029.3  39
 19   15.6   15.6  12:08  15.6  12:08    0.0    3.5    6.8  12:07  025  1029.2  38
 19   15.6   15.7  12:11  15.6  12:13    0.0    4.3    6.8  12:11  017  1029.1  39
 19   15.7   15.7  12:18  15.6  12:15    0.0    3.6    6.8  12:15  014  1028.9  37
 19   15.9   15.9  12:23  15.9  12:23    0.0    3.6    5.0  12:22  358  1028.8  38
 19   15.9   15.9  12:28  15.9  12:28    0.0    4.4    6.8  12:28  005  1028.6  39
 19   15.8   15.9  12:33  15.8  12:33    0.0    5.6    8.6  12:32  352  1028.5  39
 19   15.7   15.7  12:38  15.7  12:38    0.0    4.1    6.8  12:38  012  1028.5  40
 19   15.8   15.8  12:42  15.7  12:42    0.0    4.7    6.8  12:42  350  1028.3  38
 19   15.9   15.9  12:47  15.8  12:46    0.0    4.5    6.8  12:48  012  1028.3  37
 19   15.9   15.9  12:53  15.9  12:53    0.0    3.4    5.0  12:53  015  1028.3  37
 19   16.2   16.2  12:58  16.1  12:55    0.0    2.8    5.0  12:57  007  1028.2  38
 19   16.3   16.3  13:03  16.3  13:03    0.0    3.6    5.0  13:03  354  1028.2  38
 19   16.3   16.4  13:07  16.3  13:08    0.0    3.9    6.8  13:08  004  1028.0  39
 19   16.1   16.2  13:11  16.1  13:13    0.0    4.1    6.8  13:11  356  1027.9  40
 19   16.1   16.1  13:17  16.1  13:17    0.0    4.4    6.8  13:17  340  1027.8  42
 19   16.1   16.2  13:20  16.1  13:23    0.0    3.1    5.0  13:22  357  1027.8  42
 19   16.3   16.3  13:27  16.2  13:25    0.0    2.4    3.2  13:28  000  1027.8  41
 19   16.4   16.5  13:31  16.4  13:32    0.0    3.3    5.0  13:33  000  1027.6  40
 19   16.3   16.3  13:36  16.3  13:36    0.0    3.1    5.0  13:36  011  1027.5  37
 19   16.6   16.6  13:43  16.6  13:43    0.0    2.0    3.2  13:43  021  1027.4  38
 19   16.8   16.8  13:48  16.7  13:45    0.0    2.1    5.0  13:47  016  1027.3  37
 19   17.0   17.1  13:52  16.9  13:50    0.0    1.7    3.2  13:53  013  1027.2  37
 19   17.2   17.2  13:58  17.1  13:57    0.0    0.6    3.2  13:55  013  1027.1  36
 19   17.3   17.3  14:03  17.3  14:03    0.0    2.5    3.2  14:03  012  1026.9  36
 19   17.3   17.3  14:08  17.2  14:06    0.0    3.2    5.0  14:07  006  1026.8  36
 19   17.2   17.3  14:11  17.1  14:13    0.0    3.9    5.0  14:13  003  1026.7  34
 19   16.9   16.9  14:17  16.9  14:17    0.0    3.5    5.0  14:18  013  1026.7  33
 19   17.2   17.3  14:23  17.0  14:20    0.0    2.7    3.2  14:23  016  1026.6  36
 19   17.2   17.2  14:25  17.2  14:25    0.0    3.1    5.0  14:25  016  1026.4  36
 19   16.8   16.8  14:33  16.8  14:33    0.0    4.0    5.0  14:33  017  1026.3  39
 19   16.7   16.8  14:36  16.7  14:37    0.0    4.9    6.8  14:35  023  1026.2  40
 19   16.5   16.6  14:42  16.5  14:42    0.0    5.1    6.8  14:42  008  1026.2  40
 19   16.2   16.3  14:47  16.2  14:48    0.0    4.4    6.8  14:46  016  1026.1  42
 19   16.2   16.2  14:53  16.2  14:53    0.0    3.1    5.0  14:53  012  1026.0  43
 19   16.1   16.1  14:58  16.0  14:56    0.0    3.5    5.0  14:58  015  1026.0  44
 19   16.1   16.1  15:03  15.9  15:00    0.0    2.9    5.0  15:03  019  1025.9  46
 19   16.1   16.1  15:06  16.0  15:08    0.0    2.6    3.2  15:08  023  1025.9  46
 19   15.8   15.9  15:10  15.8  15:12    0.0    1.6    3.2  15:11  023  1025.9  47
 19   16.0   16.1  15:18  15.9  15:15    0.0    1.9    3.2  15:18  023  1025.8  46
 19   15.9   16.0  15:20  15.8  15:23    0.0    2.0    3.2  15:23  023  1025.7  46
 19   16.0   16.0  15:28  15.9  15:26    0.0    0.7    3.2  15:26  023  1025.7  45
 19   16.2   16.2  15:33  16.0  15:30    0.0    0.2    1.8  15:31  023  1025.7  44
 19   16.3   16.3  15:38  16.3  15:38    0.0    1.2    1.8  15:38  023  1025.5  44
 19   16.2   16.3  15:40  16.2  15:43    0.0    0.1    1.8  15:40  023  1025.5  44
 19   16.2   16.2  15:48  16.2  15:48    0.0    0.0    0.0  15:48  023  1025.4  44
 19   16.2   16.2  15:53  16.1  15:53    0.0    0.0    0.0  15:53  023  1025.4  45
 19   16.1   16.1  15:56  16.0  15:57    0.0    0.0    0.0  15:58  023  1025.4  45
 19   15.6   15.8  16:01  15.6  16:03    0.0    0.0    0.0  16:03  023  1025.2  46
 19   15.2   15.4  16:05  15.1  16:08    0.0    0.0    0.0  16:08  023  1025.2  47
 19   14.5   14.8  16:10  14.3  16:13    0.0    0.0    0.0  16:13  023  1025.1  49
 19   13.7   14.1  16:15  13.6  16:18    0.0    0.1    0.0  16:18  023  1025.1  50
 19   12.9   13.3  16:20  12.8  16:23    0.0    0.7    1.8  16:23  023  1025.0  53
 19   12.1   12.3  16:25  12.0  16:27    0.0    0.8    1.8  16:28  023  1024.9  56
 19   11.4   11.6  16:30  11.3  16:33    0.0    0.0    0.0  16:33  023  1024.9  57
 19   10.9   11.2  16:35  10.7  16:38    0.0    0.0    0.0  16:38  023  1024.8  61
 19   10.3   10.6  16:40  10.2  16:43    0.0    0.8    3.2  16:40  023  1024.8  62
 19    9.8    9.9  16:46   9.7  16:48    0.0    0.0    0.0  16:48  023  1024.8  65
 19    9.4    9.6  16:50   9.4  16:51    0.0    0.0    0.0  16:52  023  1024.7  67
 19    8.9    9.1  16:55   8.8  16:58    0.0    0.0    0.0  16:58  023  1024.8  67
 19    8.4    8.6  17:01   8.3  17:03    0.0    0.0    0.0  17:03  023  1024.7  68
 19    7.9    8.1  17:05   7.8  17:08    0.0    0.1    0.0  17:08  023  1024.7  69
 19    7.4    7.5  17:12   7.4  17:13    0.0    0.7    3.2  17:10  023  1024.7  71
 19    7.1    7.2  17:15   7.0  17:18    0.0    1.1    1.8  17:18  023  1024.6  71
 19    6.8    6.9  17:20   6.8  17:22    0.0    0.0    1.8  17:20  023  1024.6  73
 19    6.5    6.5  17:27   6.5  17:27    0.0    1.1    1.8  17:28  023  1024.6  74
 19    6.2    6.3  17:31   6.2  17:32    0.0    1.7    1.8  17:33  023  1024.6  75
 19    5.9    5.9  17:37   5.9  17:37    0.0    1.3    1.8  17:38  023  1024.5  75
 19    5.7    5.7  17:41   5.7  17:41    0.0    1.2    1.8  17:42  023  1024.5  76
 19    5.4    5.5  17:45   5.3  17:48    0.0    0.0    0.0  17:48  023  1024.5  77
 19    5.2    5.3  17:50   5.1  17:53    0.0    0.0    0.0  17:53  023  1024.4  77
 19    4.9    5.1  17:55   4.9  17:57    0.0    0.4    1.8  17:56  023  1024.4  77
 19    4.7    4.8  18:01   4.7  18:03    0.0    0.8    1.8  18:03  023  1024.4  77
 19    4.5    4.6  18:06   4.4  18:08    0.0    0.3    1.8  18:08  023  1024.5  77
 19    4.3    4.4  18:11   4.4  18:11    0.0    1.7    1.8  18:13  023  1024.5  78
 19    4.2    4.2  18:16   4.2  18:16    0.0    2.1    3.2  18:18  023  1024.6  78
 19    4.0    4.1  18:20   4.0  18:21    0.0    2.2    3.2  18:23  023  1024.5  78
 19    3.7    3.8  18:26   3.6  18:28    0.0    1.9    3.2  18:26  023  1024.5  79
 19    3.5    3.6  18:31   3.4  18:33    0.0    1.7    3.2  18:31  023  1024.4  80
 19    3.3    3.4  18:35   3.3  18:38    0.0    1.2    3.2  18:35  023  1024.4  80
 19    3.1    3.1  18:44   3.1  18:44    0.0    1.0    1.8  18:43  023  1024.4  80
 19    3.0    3.1  18:46   2.9  18:48    0.0    1.7    3.2  18:48  023  1024.4  80
 19    2.8    2.9  18:50   2.8  18:53    0.0    1.0    1.8  18:52  023  1024.3  80
 19    2.7    2.8  18:56   2.7  18:58    0.0    0.0    0.0  18:58  023  1024.3  81
 19    2.6    2.7  19:01   2.6  19:03    0.0    0.0    0.0  19:03  023  1024.2  81
 19    2.6    2.6  19:07   2.6  19:07    0.0    0.7    1.8  19:07  023  1024.2  81
 19    2.4    2.4  19:12   2.3  19:13    0.0    0.3    1.8  19:11  023  1024.2  81
 19    2.3    2.3  19:15   2.3  19:15    0.0    0.0    0.0  19:16  023  1024.1  81
 19    2.1    2.1  19:23   2.1  19:23    0.0    0.0    0.0  19:23  023  1024.1  81
 19    1.9    2.0  19:26   1.9  19:28    0.0    0.7    1.8  19:28  023  1024.1  82
 19    1.9    1.9  19:33   1.9  19:33    0.0    1.1    1.8  19:33  023  1024.1  82
 19    1.8    1.8  19:37   1.8  19:37    0.0    0.3    1.8  19:36  023  1024.1  82
 19    1.7    1.7  19:42   1.7  19:42    0.0    0.5    1.8  19:43  023  1024.0  82
 19    1.6    1.6  19:46   1.6  19:46    0.0    1.0    1.8  19:48  023  1024.0  82
 19    1.6    1.6  19:50   1.5  19:51    0.0    1.5    3.2  19:51  023  1023.9  82
 19    1.5    1.5  19:58   1.5  19:58    0.0    1.6    3.2  19:58  023  1023.8  82
 19    1.4    1.4  20:02   1.4  20:02    0.0    1.1    1.8  20:02  023  1023.8  82
 19    1.4    1.4  20:06   1.4  20:06    0.0    3.3    5.0  20:06  359  1023.8  82
 19    1.5    1.5  20:13   1.5  20:13    0.0    2.6    3.2  20:11  320  1023.7  83
 19    1.6    1.6  20:18   1.5  20:18    0.0    3.2    5.0  20:18  283  1023.6  83
 19    1.6    1.6  20:21   1.6  20:21    0.0    2.1    3.2  20:23  283  1023.6  83
 19    1.6    1.6  20:28   1.6  20:28    0.0    1.4    3.2  20:25  283  1023.6  83
 19    1.4    1.5  20:31   1.4  20:32    0.0    0.7    1.8  20:33  283  1023.4  82
 19    1.4    1.4  20:38   1.4  20:38    0.0    0.8    1.8  20:38  283  1023.3  82
 19    1.3    1.3  20:43   1.3  20:43    0.0    1.0    1.8  20:43  283  1023.3  83
 19    1.2    1.2  20:48   1.2  20:48    0.0    0.6    1.8  20:48  283  1023.3  82
 19    1.1    1.1  20:53   1.1  20:53    0.0    1.2    3.2  20:53  283  1023.2  82
 19    1.0    1.1  20:56   1.0  20:58    0.0    0.6    1.8  20:56  283  1023.1  83
 19    0.8    0.9  21:01   0.8  21:03    0.0    1.2    1.8  21:03  283  1023.1  82
 19    0.8    0.8  21:08   0.8  21:08    0.0    0.7    1.8  21:08  283  1023.0  82
 19    0.7    0.8  21:10   0.7  21:13    0.0    0.7    1.8  21:13  283  1023.0  83
 19    0.7    0.7  21:17   0.6  21:18    0.0    1.6    3.2  21:18  283  1023.0  84
 19    0.6    0.6  21:23   0.6  21:23    0.0    1.7    3.2  21:23  283  1023.0  84
 19    0.5    0.6  21:26   0.5  21:28    0.0    0.7    1.8  21:27  283  1022.9  85
 19    0.4    0.5  21:30   0.4  21:33    0.0    0.8    1.8  21:33  283  1022.9  83
 19    0.3    0.3  21:38   0.3  21:38    0.0    1.1    1.8  21:38  283  1022.8  84
 19    0.3    0.3  21:41   0.3  21:41    0.0    1.6    3.2  21:43  283  1022.7  83
 19    0.2    0.2  21:48   0.2  21:48    0.0    1.1    1.8  21:48  283  1022.7  84
 19    0.2    0.2  21:51   0.2  21:51    0.0    1.9    3.2  21:53  283  1022.6  84
 19    0.2    0.2  21:58   0.2  21:58    0.0    2.4    3.2  21:58  283  1022.5  84
 19    0.2    0.2  22:03   0.2  22:03    0.0    1.6    3.2  22:00  283  1022.4  84
 19    0.2    0.2  22:08   0.2  22:08    0.0    1.4    3.2  22:06  283  1022.3  83
 19    0.1    0.2  22:10   0.1  22:12    0.0    1.3    1.8  22:13  283  1022.2  83
 19    0.1    0.1  22:17   0.1  22:17    0.0    0.4    1.8  22:17  283  1022.1  83
 19    0.1    0.1  22:22   0.1  22:22    0.0    1.0    1.8  22:23  283  1022.0  83
 19    0.2    0.2  22:28   0.2  22:28    0.0    0.7    1.8  22:28  283  1022.0  85
 19    0.2    0.2  22:30   0.2  22:30    0.0    1.3    3.2  22:32  283  1022.0  85
 19    0.1    0.1  22:36   0.1  22:36    0.0    0.8    1.8  22:38  283  1022.0  85
 19   -0.0    0.0  22:41   0.0  22:41    0.0    0.6    3.2  22:40  283  1021.9  85
 19   -0.2   -0.2  22:46  -0.2  22:46    0.0    0.0    0.0  22:48  283  1021.8  85
 19   -0.2   -0.2  22:52  -0.3  22:52    0.0    0.8    1.8  22:53  283  1021.8  85
 19   -0.3   -0.2  22:55  -0.3  22:57    0.0    0.1    1.8  22:55  283  1021.8  85
 19   -0.3   -0.3  23:02  -0.3  23:02    0.0    0.6    3.2  23:01  283  1021.8  85
 19   -0.3   -0.3  23:08  -0.3  23:08    0.0    1.2    3.2  23:08  283  1021.8  85
 19   -0.3   -0.3  23:12  -0.4  23:12    0.0    1.0    1.8  23:13  283  1021.7  86
 19   -0.4   -0.4  23:18  -0.5  23:18    0.0    0.2    1.8  23:15  283  1021.7  85
 19   -0.6   -0.5  23:21  -0.6  23:23    0.0    0.0    0.0  23:23  283  1021.6  86
 19   -0.6   -0.6  23:27  -0.6  23:27    0.0    1.0    1.8  23:27  283  1021.6  86
 19   -0.7   -0.6  23:31  -0.7  23:33    0.0    0.0    0.0  23:33  283  1021.6  86
 19   -0.7   -0.7  23:38  -0.7  23:38    0.0    0.8    1.8  23:38  283  1021.5  86
 19   -0.8   -0.7  23:41  -0.8  23:42    0.0    1.2    1.8  23:42  283  1021.5  87
 19   -0.8   -0.8  23:48  -0.8  23:48    0.0    1.1    1.8  23:48  283  1021.5  87
 19   -0.9   -0.8  23:50  -0.9  23:53    0.0    0.3    1.8  23:51  283  1021.4  88
 19   -0.9   -0.9  23:55  -0.9  23:55    0.0    0.0    0.0  23:55  283  1021.3  88
----------------------------------------------------------------------------------
MONTH  5.7   17.4  19     -3.6  04     111.2    5.7   68.4  02      SW  1020.5  80

