                  MONTHLY CLIMATOLOGICAL SUMMARY FOR 2023-12

Elevation: 388m
Latitude:  45.650
Longitude: 13.777

Temperature in C, Rain in MM, Wind Speed in KM/H and Pressure in HPA

      AVG                                      AVG                 DOM
DAY   TEMP   HIGH   TIME   LOW   TIME   RAIN   WIND   HIGH   TIME  DIR   BAROM HUM
----------------------------------------------------------------------------------
 18    0.9    1.0  00:01   0.9  00:03    0.0    2.2    5.0  00:01  212  1040.1  80
 18    0.8    0.8  00:07   0.8  00:07    0.0    0.0    0.0  00:08  210  1040.0  81
 18    0.7    0.7  00:13   0.6  00:13    0.0    1.2    1.8  00:13  210  1040.1  82
 18    0.6    0.6  00:17   0.5  00:18    0.0    1.5    1.8  00:18  210  1040.1  82
 18    0.5    0.5  00:20   0.5  00:20    0.0    1.1    1.8  00:23  210  1040.1  83
 18    0.5    0.5  00:28   0.4  00:28    0.0    0.3    1.8  00:26  210  1040.1  82
 18    0.4    0.4  00:33   0.4  00:33    0.0    0.0    0.0  00:33  210  1040.1  82
 18    0.4    0.4  00:38   0.3  00:38    0.0    0.5    1.8  00:36  210  1040.1  82
 18    0.2    0.3  00:41   0.2  00:42    0.0    0.1    0.0  00:42  210  1040.1  82
 18    0.2    0.2  00:46   0.2  00:46    0.0    0.8    1.8  00:48  210  1040.1  82
 18   -0.0    0.0  00:53  -0.1  00:53    0.0    0.9    1.8  00:53  210  1040.1  83
 18   -0.1   -0.1  00:57  -0.1  00:57    0.0    0.0    0.0  00:58  210  1040.1  83
 18   -0.2   -0.2  01:04  -0.2  01:04    0.0    0.0    0.0  01:03  210  1040.1  83
 18   -0.3   -0.2  01:06  -0.3  01:08    0.0    0.7    1.8  01:08  210  1040.1  83
 18   -0.3   -0.3  01:11  -0.3  01:11    0.0    0.4    1.8  01:11  210  1040.0  84
 18   -0.4   -0.3  01:17  -0.4  01:18    0.0    0.9    1.8  01:18  210  1040.0  84
 18   -0.4   -0.4  01:23  -0.4  01:23    0.0    1.0    1.8  01:23  210  1039.9  84
 18   -0.4   -0.4  01:28  -0.4  01:28    0.0    0.9    3.2  01:25  210  1039.9  84
 18   -0.4   -0.4  01:33  -0.4  01:33    0.0    0.0    0.0  01:33  210  1040.0  84
 18   -0.4   -0.4  01:38  -0.4  01:38    0.0    0.2    0.0  01:38  210  1039.9  85
 18   -0.4   -0.4  01:43  -0.4  01:43    0.0    0.4    1.8  01:42  210  1039.9  85
 18   -0.3   -0.3  01:48  -0.4  01:46    0.0    1.6    3.2  01:48  210  1040.0  85
 18   -0.3   -0.3  01:51  -0.3  01:51    0.0    1.1    1.8  01:52  210  1040.0  86
 18   -0.2   -0.2  01:58  -0.2  01:58    0.0    0.0    0.0  01:58  210  1040.0  86
 18   -0.1   -0.1  02:03  -0.2  02:00    0.0    0.0    0.0  02:03  210  1039.9  86
 18   -0.1   -0.1  02:08  -0.2  02:08    0.0    1.2    3.2  02:08  210  1039.9  85
 18   -0.1   -0.1  02:10  -0.1  02:10    0.0    0.8    1.8  02:11  210  1039.8  85
 18   -0.2   -0.2  02:16  -0.3  02:17    0.0    0.4    3.2  02:15  210  1039.8  85
 18   -0.3   -0.3  02:21  -0.3  02:21    0.0    1.3    1.8  02:23  210  1039.8  86
 18   -0.2   -0.2  02:28  -0.3  02:25    0.0    1.7    3.2  02:26  210  1039.8  87
 18   -0.1   -0.1  02:33  -0.1  02:33    0.0    0.3    1.8  02:31  210  1039.9  86
 18   -0.1   -0.1  02:36  -0.2  02:36    0.0    0.5    1.8  02:37  210  1039.9  85
 18   -0.2   -0.2  02:41  -0.2  02:41    0.0    0.0    0.0  02:43  210  1039.9  84
 18   -0.1   -0.1  02:46  -0.2  02:45    0.0    0.0    0.0  02:46  210  1039.8  86
 18   -0.0    0.0  02:53  -0.1  02:51    0.0    0.1    0.0  02:53  210  1039.7  86
 18   -0.1    0.0  02:55  -0.1  02:56    0.0    0.9    1.8  02:57  210  1039.7  85
 18   -0.2   -0.1  03:00  -0.2  03:01    0.0    0.0    0.0  03:03  210  1039.7  84
 18   -0.2   -0.2  03:07  -0.3  03:06    0.0    0.0    0.0  03:08  210  1039.7  85
 18   -0.2   -0.2  03:12  -0.2  03:12    0.0    0.5    1.8  03:13  210  1039.7  86
 18   -0.2   -0.2  03:16  -0.2  03:16    0.0    0.4    1.8  03:16  210  1039.6  85
 18   -0.3   -0.3  03:21  -0.3  03:21    0.0    0.6    0.0  03:20  210  1039.5  85
 18   -0.4   -0.3  03:26  -0.4  03:28    0.0    0.3    1.8  03:26  210  1039.5  85
 18   -0.4   -0.4  03:33  -0.4  03:33    0.0    1.7    3.2  03:33  210  1039.4  85
 18   -0.6   -0.5  03:36  -0.6  03:37    0.0    1.6    3.2  03:35  210  1039.3  85
 18   -0.5   -0.6  03:41  -0.6  03:41    0.0    2.8    3.2  03:43  210  1039.4  87
 18   -0.4   -0.4  03:47  -0.4  03:47    0.0    1.0    3.2  03:45  210  1039.4  86
 18   -0.3   -0.3  03:53  -0.4  03:52    0.0    0.0    1.8  03:50  210  1039.3  88
 18   -0.3   -0.3  03:57  -0.3  03:57    0.0    1.4    1.8  03:57  210  1039.3  88
 18   -0.3   -0.3  04:00  -0.3  04:00    0.0    1.4    1.8  04:03  210  1039.2  87
 18   -0.3   -0.3  04:06  -0.4  04:08    0.0    0.2    1.8  04:06  210  1039.2  85
 18   -0.6   -0.6  04:13  -0.6  04:13    0.0    0.1    0.0  04:13  210  1039.2  85
 18   -0.6   -0.6  04:18  -0.6  04:18    0.0    1.6    3.2  04:16  210  1039.2  85
 18   -0.7   -0.7  04:20  -0.7  04:20    0.0    1.4    1.8  04:22  210  1039.2  86
 18   -0.7   -0.7  04:28  -0.8  04:27    0.0    1.9    3.2  04:28  210  1039.2  86
 18   -0.7   -0.7  04:32  -0.7  04:32    0.0    1.3    1.8  04:33  210  1039.0  87
 18   -0.7   -0.7  04:38  -0.8  04:37    0.0    1.6    1.8  04:38  210  1039.0  86
 18   -0.8   -0.7  04:40  -0.8  04:43    0.0    0.5    1.8  04:42  210  1039.0  86
 18   -0.7   -0.6  04:48  -0.7  04:48    0.0    0.0    0.0  04:48  210  1039.0  88
 18   -0.4   -0.4  04:52  -0.5  04:51    0.0    0.0    0.0  04:52  210  1039.0  89
 18   -0.3   -0.3  04:57  -0.3  04:57    0.0    1.0    1.8  04:58  210  1039.0  88
 18   -0.4   -0.3  05:03  -0.4  05:02    0.0    0.9    1.8  05:02  210  1039.0  86
 18   -0.5   -0.4  05:06  -0.6  05:07    0.0    1.1    3.2  05:06  210  1039.0  85
 18   -0.6   -0.6  05:13  -0.6  05:13    0.0    0.5    1.8  05:13  210  1039.1  87
 18   -0.5   -0.5  05:17  -0.6  05:16    0.0    0.0    1.8  05:15  210  1039.1  88
 18   -0.6   -0.5  05:20  -0.6  05:22    0.0    0.6    1.8  05:22  210  1039.1  86
 18   -0.7   -0.6  05:26  -0.7  05:27    0.0    1.4    1.8  05:28  210  1039.0  86
 18   -0.8   -0.8  05:33  -0.9  05:33    0.0    1.6    1.8  05:33  210  1039.0  86
 18   -0.9   -0.9  05:38  -0.9  05:38    0.0    1.5    1.8  05:38  210  1038.9  86
 18   -0.9   -0.9  05:42  -0.9  05:42    0.0    1.7    3.2  05:41  210  1038.9  87
 18   -0.9   -0.9  05:48  -0.9  05:48    0.0    0.6    1.8  05:48  210  1038.9  87
 18   -0.9   -0.9  05:50  -0.9  05:50    0.0    0.3    0.0  05:51  210  1038.8  88
 18   -0.9   -0.8  05:58  -0.9  05:58    0.0    0.2    1.8  05:56  210  1038.8  88
 18   -0.7   -0.7  06:03  -0.7  06:03    0.0    1.3    1.8  06:03  210  1038.8  89
 18   -0.5   -0.5  06:07  -0.7  06:05    0.0    0.2    1.8  06:05  210  1038.8  90
 18   -0.4   -0.4  06:13  -0.4  06:13    0.0    0.3    1.8  06:12  210  1038.8  89
 18   -0.6   -0.5  06:16  -0.6  06:17    0.0    0.0    0.0  06:17  210  1038.8  87
 18   -0.7   -0.7  06:23  -0.7  06:23    0.0    1.0    1.8  06:23  210  1038.8  87
 18   -0.7   -0.7  06:25  -0.7  06:25    0.0    0.6    1.8  06:28  210  1038.9  88
 18   -0.8   -0.8  06:30  -0.8  06:30    0.0    0.6    1.8  06:33  210  1038.9  88
 18   -0.9   -0.9  06:36  -0.9  06:36    0.0    0.2    1.8  06:36  210  1039.1  88
 18   -1.1   -1.1  06:42  -1.1  06:42    0.0    0.2    0.0  06:43  210  1039.1  87
 18   -1.1   -1.1  06:47  -1.2  06:48    0.0    1.6    3.2  06:47  210  1039.2  88
 18   -1.2   -1.1  06:50  -1.2  06:53    0.0    2.0    3.2  06:53  210  1039.2  88
 18   -1.2   -1.2  06:58  -1.2  06:58    0.0    1.1    1.8  06:58  210  1039.2  88
 18   -1.3   -1.2  07:01  -1.3  07:01    0.0    1.5    1.8  07:03  210  1039.1  88
 18   -1.3   -1.3  07:08  -1.3  07:08    0.0    2.7    3.2  07:08  210  1039.1  89
 18   -1.2   -1.2  07:11  -1.3  07:10    0.0    2.3    3.2  07:12  210  1039.1  89
 18   -1.2   -1.2  07:16  -1.2  07:16    0.0    1.9    3.2  07:17  210  1039.0  89
 18   -1.1   -1.1  07:21  -1.1  07:21    0.0    1.9    3.2  07:20  210  1039.0  89
 18   -1.0   -0.9  07:28  -1.1  07:25    0.0    2.4    3.2  07:28  210  1039.0  89
 18   -0.9   -0.9  07:31  -0.9  07:31    0.0    2.0    3.2  07:31  210  1039.0  89
 18   -0.8   -0.8  07:37  -0.9  07:35    0.0    0.4    1.8  07:36  210  1039.0  89
 18   -0.6   -0.6  07:43  -0.7  07:41    0.0    0.2    0.0  07:43  210  1039.0  91
 18   -0.5   -0.5  07:47  -0.5  07:47    0.0    2.4    3.2  07:48  210  1039.0  90
 18   -0.6   -0.5  07:51  -0.6  07:53    0.0    1.0    1.8  07:52  210  1039.0  90
 18   -0.5   -0.4  07:58  -0.6  07:56    0.0    1.8    3.2  07:58  210  1039.1  90
 18   -0.4   -0.4  08:01  -0.4  08:01    0.0    2.2    3.2  08:01  210  1039.1  89
 18   -0.4   -0.4  08:08  -0.4  08:08    0.0    1.0    3.2  08:06  210  1039.1  88
 18   -0.2   -0.2  08:12  -0.4  08:10    0.0    0.5    1.8  08:13  210  1039.1  90
 18    0.2    0.2  08:18   0.1  08:16    0.0    1.4    3.2  08:18  210  1039.2  91
 18    0.3    0.3  08:22   0.3  08:22    0.0    1.0    3.2  08:21  210  1039.2  90
 18    0.5    0.5  08:28   0.4  08:26    0.0    0.0    0.0  08:28  210  1039.3  88
 18    0.7    0.7  08:31   0.6  08:31    0.0    0.0    0.0  08:33  210  1039.2  88
 18    0.8    0.9  08:38   0.8  08:37    0.0    0.0    0.0  08:38  210  1039.2  88
 18    1.1    1.1  08:41   1.0  08:41    0.0    0.0    0.0  08:43  210  1039.3  88
 18    1.4    1.5  08:48   1.2  08:45    0.0    0.0    0.0  08:48  210  1039.3  88
 18    1.6    1.6  08:51   1.6  08:51    0.0    0.0    0.0  08:51  210  1039.3  87
 18    1.9    2.0  08:58   1.8  08:55    0.0    0.0    0.0  08:58  210  1039.4  87
 18    2.2    2.2  09:02   2.1  09:00    0.0    0.0    0.0  09:03  210  1039.3  86
 18    2.6    2.6  09:08   2.6  09:08    0.0    0.0    0.0  09:08  210  1039.3  86
 18    2.9    2.9  09:13   2.8  09:12    0.0    0.0    0.0  09:13  210  1039.3  86
 18    3.1    3.2  09:18   3.1  09:18    0.0    0.0    0.0  09:18  210  1039.3  85
 18    3.5    3.6  09:23   3.3  09:20    0.0    0.0    0.0  09:23  210  1039.3  84
 18    4.1    4.2  09:28   3.9  09:26    0.0    0.0    0.0  09:28  210  1039.2  83
 18    4.4    4.4  09:31   4.3  09:31    0.0    0.0    0.0  09:32  210  1039.2  82
 18    4.8    4.9  09:38   4.7  09:36    0.0    0.0    0.0  09:38  210  1039.2  81
 18    5.3    5.3  09:42   5.1  09:40    0.0    0.0    0.0  09:42  210  1039.2  79
 18    5.8    5.8  09:47   5.7  09:46    0.0    0.0    0.0  09:48  210  1039.2  78
 18    6.2    6.3  09:51   6.1  09:50    0.0    1.1    3.2  09:53  210  1039.2  77
 18    6.9    7.0  09:58   6.6  09:55    0.0    1.9    3.2  09:58  210  1039.2  75
 18    7.4    7.5  10:03   7.2  10:00    0.0    2.1    3.2  10:02  210  1039.2  73
 18    7.9    7.8  10:06   7.7  10:05    0.0    1.8    3.2  10:05  210  1039.1  72
 18    8.5    8.6  10:13   8.2  10:10    0.0    1.3    3.2  10:10  210  1039.1  70
 18    9.0    9.1  10:18   8.8  10:15    0.0    1.9    3.2  10:18  207  1039.1  69
 18    9.4    9.5  10:23   9.2  10:20    0.0    0.2    1.8  10:21  195  1039.1  68
 18    9.7    9.9  10:28   9.6  10:26    0.0    1.8    5.0  10:28  195  1039.1  67
 18   10.2   10.2  10:31  10.1  10:31    0.0    2.3    5.0  10:33  195  1039.0  65
 18   10.6   10.6  10:37  10.4  10:35    0.0    1.9    5.0  10:37  195  1039.0  63
 18   10.9   10.9  10:41  10.8  10:40    0.0    2.1    5.0  10:43  195  1038.9  62
 18   11.4   11.4  10:48  11.2  10:45    0.0    0.6    3.2  10:45  195  1038.9  61
 18   11.7   11.8  10:52  11.6  10:50    0.0    1.0    1.8  10:52  195  1038.8  60
 18   12.1   12.1  10:57  11.9  10:56    0.0    0.6    1.8  10:58  195  1038.7  57
 18   12.5   12.7  11:03  12.4  11:01    0.0    0.0    0.0  11:03  195  1038.7  57
 18   12.8   12.8  11:06  12.7  11:05    0.0    0.0    0.0  11:08  195  1038.7  55
 18   13.2   13.3  11:13  13.1  11:11    0.0    0.0    0.0  11:13  195  1038.6  54
 18   13.5   13.6  11:18  13.3  11:15    0.0    0.0    0.0  11:18  195  1038.5  53
 18   13.7   13.7  11:21  13.7  11:21    0.0    0.7    3.2  11:23  195  1038.4  53
 18   14.2   14.2  11:28  14.1  11:26    0.0    0.1    1.8  11:26  195  1038.3  53
 18   14.3   14.3  11:31  14.3  11:31    0.0    0.0    0.0  11:33  195  1038.2  53
 18   14.6   14.7  11:38  14.5  11:35    0.0    0.0    0.0  11:38  195  1038.1  54
 18   14.9   15.0  11:43  14.8  11:41    0.0    1.4    3.2  11:43  224  1038.0  52
 18   15.3   15.3  11:48  15.1  11:45    0.0    2.2    3.2  11:48  271  1037.9  50
 18   15.5   15.6  11:52  15.4  11:50    0.0    0.4    1.8  11:53  271  1037.8  48
 18   15.9   16.0  11:58  15.8  11:56    0.0    2.6    5.0  11:58  271  1037.8  45
 18   16.2   16.3  12:03  16.1  12:01    0.0    1.6    3.2  12:00  271  1037.6  44
 18   16.4   16.4  12:07  16.3  12:05    0.0    1.2    3.2  12:07  271  1037.5  43
 18   16.6   16.6  12:11  16.6  12:11    0.0    0.6    0.0  12:12  271  1037.4  42
 18   16.6   16.7  12:17  16.6  12:16    0.0    1.0    3.2  12:15  271  1037.4  43
 18   16.7   16.8  12:21  16.6  12:22    0.0    5.7    8.6  12:20  017  1037.3  44
 18   16.4   16.4  12:25  16.4  12:25    0.0    3.0    5.0  12:25  025  1037.2  44
 18   16.2   16.2  12:33  16.1  12:31    0.0    3.2    5.0  12:33  009  1037.2  49
 18   16.2   16.2  12:36  16.2  12:36    0.0    2.9    3.2  12:36  014  1037.1  47
 18   16.3   16.3  12:43  16.3  12:43    0.0    3.4    5.0  12:41  024  1037.0  43
 18   16.3   16.3  12:46  16.3  12:46    0.0    3.8    5.0  12:46  018  1036.9  42
 18   16.5   16.6  12:52  16.4  12:50    0.0    3.3    5.0  12:53  015  1036.9  41
 18   16.5   16.6  12:56  16.4  12:57    0.0    4.0    5.0  12:57  009  1036.8  45
 18   16.1   16.3  13:00  15.9  13:03    0.0    4.9    8.6  13:00  014  1036.7  44
 18   15.6   15.7  13:07  15.6  13:07    0.0    5.3    6.8  13:06  004  1036.6  46
 18   15.5   15.6  13:11  15.5  13:13    0.0    4.0    6.8  13:11  007  1036.5  51
 18   15.6   15.6  13:17  15.5  13:15    0.0    4.1    6.8  13:18  005  1036.5  51
 18   15.5   15.6  13:22  15.5  13:21    0.0    5.0    8.6  13:21  009  1036.5  52
 18   15.4   15.4  13:28  15.3  13:26    0.0    3.3    5.0  13:27  013  1036.4  54
 18   15.5   15.5  13:33  15.4  13:31    0.0    3.1    5.0  13:33  013  1036.4  54
 18   15.7   15.8  13:38  15.6  13:36    0.0    3.1    5.0  13:37  016  1036.3  50
 18   15.8   15.8  13:43  15.8  13:43    0.0    3.7    5.0  13:43  011  1036.3  48
 18   15.8   15.9  13:47  15.8  13:48    0.0    3.2    5.0  13:46  004  1036.2  47
 18   15.9   15.9  13:53  15.9  13:53    0.0    4.7    6.8  13:53  019  1036.2  47
 18   16.0   16.0  13:58  15.9  13:57    0.0    2.8    5.0  13:55  018  1036.2  49
 18   16.2   16.2  14:03  16.1  14:02    0.0    1.7    3.2  14:01  018  1036.2  51
 18   16.2   16.3  14:06  16.2  14:08    0.0    2.1    3.2  14:08  018  1036.1  51
 18   16.2   16.2  14:13  16.1  14:11    0.0    2.2    3.2  14:13  018  1035.9  53
 18   16.2   16.3  14:16  16.2  14:18    0.0    3.3    5.0  14:18  010  1036.0  52
 18   16.2   16.2  14:21  16.2  14:21    0.0    3.6    5.0  14:23  013  1036.0  53
 18   16.2   16.3  14:26  16.2  14:27    0.0    7.3    8.6  14:27  014  1035.9  53
 18   15.1   15.4  14:30  14.9  14:33    0.0    4.9    8.6  14:30  014  1035.8  57
 18   14.8   14.8  14:36  14.8  14:36    0.0    2.6    3.2  14:38  015  1035.8  59
 18   15.0   15.1  14:42  14.9  14:40    0.0    2.1    3.2  14:43  020  1035.8  59
 18   15.4   15.4  14:48  15.3  14:46    0.0    2.4    3.2  14:48  020  1035.8  58
 18   15.5   15.6  14:52  15.4  14:50    0.0    2.2    3.2  14:52  020  1035.8  58
 18   15.9   15.9  14:58  15.8  14:57    0.0    0.0    0.0  14:58  020  1035.6  58
 18   16.2   16.2  15:02  16.2  15:02    0.0    0.0    0.0  15:02  020  1035.5  56
 18   16.5   16.6  15:07  16.4  15:06    0.0    0.0    0.0  15:08  020  1035.4  55
 18   16.7   16.7  15:12  16.6  15:10    0.0    0.0    0.0  15:12  020  1035.4  53
 18   16.9   16.9  15:17  16.8  15:16    0.0    0.0    0.0  15:18  020  1035.3  53
 18   16.9   16.9  15:22  16.9  15:22    0.0    0.0    0.0  15:23  020  1035.2  52
 18   16.9   16.9  15:28  16.9  15:28    0.0    0.0    0.0  15:28  020  1035.2  52
 18   17.0   17.0  15:33  16.9  15:33    0.0    0.0    0.0  15:33  020  1035.2  52
 18   17.0   17.1  15:36  17.0  15:37    0.0    0.0    0.0  15:38  020  1035.2  52
 18   16.9   17.0  15:43  16.9  15:43    0.0    0.0    0.0  15:43  020  1035.2  53
 18   16.8   16.9  15:46  16.8  15:47    0.0    0.1    1.8  15:47  020  1035.1  53
 18   16.6   16.8  15:50  16.6  15:53    0.0    0.0    0.0  15:53  020  1035.2  53
 18   16.2   16.3  15:56  16.2  15:57    0.0    0.0    0.0  15:58  020  1035.2  54
 18   15.2   15.7  16:01  14.8  16:03    0.0    0.0    0.0  16:03  020  1035.2  56
 18   14.2   14.5  16:05  14.2  16:07    0.0    0.0    0.0  16:08  020  1035.2  57
 18   13.7   13.9  16:10  13.6  16:13    0.0    0.0    0.0  16:13  020  1035.2  61
 18   13.3   13.5  16:15  13.3  16:16    0.0    0.0    0.0  16:18  020  1035.3  62
 18   12.6   12.9  16:20  12.5  16:23    0.0    0.0    0.0  16:23  020  1035.3  63
 18   12.1   12.2  16:25  12.1  16:27    0.0    0.0    0.0  16:27  020  1035.2  64
 18   11.6   11.8  16:30  11.4  16:33    0.0    0.0    0.0  16:33  020  1035.3  65
 18   11.0   11.3  16:35  10.8  16:38    0.0    0.0    0.0  16:38  020  1035.3  67
 18   10.7   10.7  16:40  10.7  16:40    0.0    0.0    0.0  16:42  020  1035.2  69
 18    9.8   10.1  16:45   9.6  16:48    0.0    0.0    0.0  16:48  020  1035.2  70
 18    9.3    9.5  16:50   9.3  16:51    0.0    0.0    0.0  16:53  020  1035.2  72
 18    8.7    8.8  16:56   8.6  16:58    0.0    0.0    0.0  16:58  020  1035.1  74
 18    8.3    8.4  17:01   8.1  17:03    0.0    0.0    0.0  17:03  020  1035.0  76
 18    7.8    7.8  17:08   7.8  17:08    0.0    0.0    0.0  17:08  020  1035.1  78
 18    7.6    7.7  17:10   7.6  17:10    0.0    0.0    0.0  17:11  020  1035.0  78
 18    7.2    7.3  17:15   7.2  17:17    0.0    0.0    0.0  17:17  020  1035.1  78
 18    6.8    6.9  17:21   6.8  17:23    0.0    0.0    0.0  17:23  020  1035.0  79
 18    6.5    6.6  17:26   6.5  17:27    0.0    1.1    3.2  17:28  020  1035.0  80
 18    6.2    6.3  17:31   6.2  17:33    0.0    0.8    1.8  17:33  020  1035.1  80
 18    5.9    6.0  17:36   5.9  17:38    0.0    1.3    3.2  17:38  002  1035.1  81
 18    5.8    5.8  17:41   5.8  17:41    0.0    2.5    3.2  17:42  305  1035.2  80
 18    5.7    5.7  17:48   5.7  17:48    0.0    1.7    3.2  17:46  305  1035.0  80
 18    5.6    5.7  17:53   5.6  17:53    0.0    0.0    0.0  17:53  305  1034.9  79
 18    5.5    5.6  17:56   5.5  17:58    0.0    0.0    0.0  17:58  305  1034.9  79
 18    5.4    5.4  18:02   5.3  18:03    0.0    0.2    1.8  18:03  305  1035.0  79
 18    5.2    5.2  18:08   5.2  18:08    0.0    1.7    1.8  18:08  305  1035.1  79
 18    5.0    5.1  18:10   4.9  18:12    0.0    0.4    1.8  18:13  305  1035.0  80
 18    4.7    4.8  18:15   4.6  18:18    0.0    1.0    3.2  18:18  305  1034.9  80
 18    4.4    4.5  18:21   4.4  18:23    0.0    0.7    1.8  18:23  305  1034.9  80
 18    4.2    4.3  18:26   4.2  18:28    0.0    1.5    3.2  18:28  305  1034.9  81
 18    4.0    4.1  18:31   4.0  18:32    0.0    1.6    1.8  18:33  305  1034.9  82
 18    3.8    3.9  18:36   3.8  18:36    0.0    2.0    3.2  18:36  305  1034.9  82
 18    3.6    3.7  18:41   3.6  18:43    0.0    2.1    3.2  18:43  305  1034.8  82
 18    3.4    3.5  18:45   3.4  18:48    0.0    1.0    1.8  18:48  305  1034.8  83
 18    3.3    3.4  18:50   3.3  18:53    0.0    2.1    3.2  18:53  305  1034.8  83
 18    3.2    3.3  18:56   3.2  18:58    0.0    1.9    3.2  18:58  305  1034.8  83
 18    3.1    3.1  19:03   3.1  19:03    0.0    0.3    1.8  19:01  305  1034.8  83
 18    2.9    2.9  19:08   2.9  19:08    0.0    1.4    3.2  19:08  305  1034.8  83
 18    2.8    2.8  19:13   2.8  19:13    0.0    1.6    1.8  19:13  305  1034.8  84
 18    2.8    2.8  19:18   2.8  19:18    0.0    1.3    1.8  19:18  305  1034.8  83
 18    2.8    2.8  19:23   2.8  19:23    0.0    1.6    3.2  19:21  305  1034.8  83
 18    2.8    2.8  19:28   2.8  19:28    0.0    1.0    1.8  19:28  305  1034.7  83
 18    2.8    2.8  19:31   2.7  19:30    0.0    1.7    3.2  19:32  305  1034.7  83
 18    2.7    2.8  19:36   2.7  19:38    0.0    1.5    3.2  19:36  305  1034.7  83
 18    2.6    2.7  19:40   2.6  19:41    0.0    1.6    3.2  19:42  305  1034.7  83
 18    2.4    2.4  19:48   2.4  19:48    0.0    1.4    3.2  19:48  305  1034.6  83
 18    2.3    2.3  19:52   2.3  19:52    0.0    1.8    3.2  19:53  305  1034.6  83
 18    2.3    2.3  19:58   2.2  19:58    0.0    1.3    1.8  19:58  305  1034.6  83
 18    2.2    2.2  20:00   2.2  20:00    0.0    1.4    1.8  20:03  305  1034.6  83
 18    2.1    2.1  20:06   2.1  20:06    0.0    0.7    1.8  20:06  305  1034.6  83
 18    2.0    2.1  20:11   2.0  20:13    0.0    0.0    0.0  20:13  305  1034.6  83
 18    1.9    2.0  20:15   1.9  20:17    0.0    1.0    1.8  20:18  305  1034.6  83
 18    1.8    1.8  20:22   1.7  20:22    0.0    0.4    1.8  20:22  305  1034.6  84
 18    1.6    1.7  20:26   1.6  20:28    0.0    1.1    1.8  20:28  305  1034.5  84
 18    1.6    1.6  20:32   1.6  20:32    0.0    1.2    1.8  20:33  305  1034.5  84
 18    1.4    1.5  20:36   1.4  20:38    0.0    0.9    1.8  20:38  305  1034.5  84
 18    1.3    1.3  20:43   1.3  20:43    0.0    0.2    1.8  20:40  305  1034.5  84
 18    1.3    1.3  20:48   1.2  20:48    0.0    1.0    1.8  20:48  305  1034.5  85
 18    1.1    1.2  20:50   1.2  20:50    0.0    0.1    0.0  20:53  305  1034.5  85
 18    1.1    1.1  20:58   1.1  20:58    0.0    0.8    1.8  20:58  305  1034.4  85
 18    0.9    1.0  21:00   1.0  21:00    0.0    0.6    1.8  21:01  305  1034.4  86
 18    0.9    0.9  21:08   0.9  21:08    0.0    1.0    1.8  21:08  305  1034.3  86
 18    0.9    0.9  21:13   0.8  21:13    0.0    0.9    1.8  21:13  305  1034.4  86
 18    0.8    0.8  21:18   0.8  21:18    0.0    0.5    1.8  21:17  305  1034.4  86
 18    0.8    0.9  21:23   0.8  21:22    0.0    1.3    1.8  21:23  305  1034.3  86
 18    0.9    0.9  21:26   0.9  21:26    0.0    0.0    1.8  21:26  305  1034.3  86
 18    0.8    0.8  21:33   0.8  21:33    0.0    0.0    0.0  21:33  305  1034.2  86
 18    0.8    0.8  21:36   0.7  21:37    0.0    1.1    3.2  21:38  305  1034.2  85
 18    0.6    0.7  21:41   0.6  21:42    0.0    0.7    1.8  21:41  305  1034.1  85
 18    0.6    0.6  21:46   0.6  21:46    0.0    0.9    1.8  21:48  305  1034.1  86
 18    0.5    0.6  21:52   0.5  21:53    0.0    0.6    1.8  21:53  305  1034.1  87
 18    0.4    0.5  21:55   0.4  21:57    0.0    0.1    0.0  21:58  305  1034.0  87
 18    0.4    0.4  22:00   0.4  22:00    0.0    0.3    1.8  22:01  305  1034.0  86
 18    0.3    0.4  22:05   0.3  22:07    0.0    0.5    1.8  22:08  305  1034.0  86
 18    0.3    0.3  22:13   0.3  22:13    0.0    0.4    1.8  22:12  305  1034.0  86
 18    0.3    0.3  22:18   0.3  22:18    0.0    0.3    0.0  22:18  305  1034.0  86
 18    0.3    0.3  22:22   0.3  22:22    0.0    1.4    1.8  22:22  305  1034.0  86
 18    0.3    0.3  22:27   0.3  22:27    0.0    0.9    1.8  22:28  305  1033.9  86
 18    0.3    0.3  22:32   0.3  22:32    0.0    1.2    1.8  22:33  305  1033.9  86
 18    0.2    0.2  22:37   0.2  22:37    0.0    0.5    1.8  22:38  305  1033.9  85
 18    0.2    0.2  22:43   0.1  22:40    0.0    0.7    1.8  22:43  305  1033.9  86
 18    0.1    0.1  22:48   0.1  22:48    0.0    0.4    1.8  22:46  305  1033.9  85
 18    0.1    0.1  22:51   0.1  22:51    0.0    0.5    1.8  22:53  305  1033.9  86
 18    0.1    0.1  22:58   0.0  22:58    0.0    0.1    1.8  22:56  305  1033.9  86
 18    0.0    0.0  23:03   0.0  23:03    0.0    0.0    0.0  23:03  305  1033.9  86
 18   -0.1   -0.1  23:08  -0.1  23:08    0.0    0.5    1.8  23:08  305  1033.9  87
 18   -0.1   -0.1  23:12  -0.1  23:12    0.0    1.0    1.8  23:13  305  1033.8  87
 18   -0.2   -0.1  23:15  -0.2  23:16    0.0    0.8    1.8  23:17  305  1033.9  88
 18   -0.2   -0.2  23:22  -0.2  23:22    0.0    0.7    3.2  23:22  305  1033.8  87
 18   -0.2   -0.2  23:28  -0.3  23:28    0.0    1.2    3.2  23:27  305  1033.9  87
 18   -0.3   -0.3  23:33  -0.3  23:33    0.0    2.2    3.2  23:33  305  1033.8  87
 18   -0.3   -0.3  23:36  -0.3  23:36    0.0    1.8    3.2  23:36  305  1033.9  87
 18   -0.3   -0.3  23:43  -0.3  23:43    0.0    2.0    3.2  23:41  305  1033.9  88
 18   -0.3   -0.3  23:45  -0.3  23:45    0.0    1.7    3.2  23:46  305  1033.8  87
 18   -0.2   -0.2  23:53  -0.2  23:53    0.0    1.7    1.8  23:53  305  1033.7  88
 18   -0.2   -0.2    :    -0.2    :      0.0    2.2    3.2  23:55  305  1033.7  88
----------------------------------------------------------------------------------
MONTH  5.8   17.1  18     -3.6  04     111.2    5.9   68.4  02      SW  1020.0  80

